50
340
46 21
18 33
2 28
30 32
50 3
10 1
44 19
11 1
17 41
34 22
44 41
48 17
25 10
6 23
23 49
32 40
13 35
21 20
21 44
20 28
11 38
36 18
18 6
21 26
4 37
42 35
26 25
35 9
43 5
14 42
28 33
26 32
40 3
23 42
4 23
41 27
31 28
36 29
29 31
3 7
36 44
10 31
14 47
35 30
25 38
42 19
39 35
16 46
3 43
33 22
3 46
48 27
41 36
7 1
10 6
22 25
23 17
46 5
19 14
11 13
19 6
13 6
3 33
11 22
21 24
45 15
14 21
43 50
34 13
12 8
16 31
43 37
4 31
22 20
1 45
38 42
40 30
45 21
47 30
4 15
10 33
33 25
17 46
1 8
6 39
23 24
33 8
16 10
34 43
41 46
13 17
25 19
12 1
23 48
16 5
15 14
12 14
33 31
34 45
17 47
9 14
50 25
7 46
37 39
37 27
46 4
39 32
18 14
33 19
18 11
38 19
43 11
44 8
42 20
1 41
33 47
34 44
30 2
12 50
18 4
48 35
29 23
42 49
11 28
49 2
43 26
6 22
3 13
6 30
5 29
46 43
29 49
41 25
39 44
20 24
43 41
11 10
24 35
43 6
48 12
31 38
19 28
35 43
28 5
17 27
28 6
31 22
43 19
24 28
44 45
3 28
11 50
21 35
49 7
27 44
12 40
21 34
36 50
29 42
47 8
25 18
2 3
13 7
7 17
26 36
36 39
10 44
41 12
41 38
45 42
16 26
38 21
48 9
23 36
46 37
25 23
14 26
10 50
31 18
4 33
43 15
42 10
49 24
49 33
23 45
40 6
46 50
14 5
17 43
1 19
14 3
39 30
32 49
31 19
13 44
37 20
9 15
45 4
39 21
35 27
43 38
7 14
8 4
6 11
38 30
39 50
44 42
8 41
7 5
15 20
48 47
2 37
43 39
47 15
31 25
43 8
20 1
1 40
1 37
4 29
28 37
34 19
23 47
25 4
23 21
16 41
13 22
42 18
50 18
48 41
10 32
14 17
27 38
14 41
48 28
49 26
31 35
7 10
26 9
30 26
47 37
48 50
20 33
9 47
13 40
15 49
35 45
10 30
22 44
8 35
48 25
18 19
13 18
49 43
9 20
35 2
22 35
16 13
28 29
14 4
21 40
38 39
40 11
45 11
8 36
25 3
7 4
11 12
34 48
12 46
46 1
8 49
21 9
15 12
48 45
3 39
13 39
31 30
27 19
8 48
14 20
20 45
2 34
14 39
36 24
23 14
39 17
5 3
10 17
41 45
13 2
49 17
2 8
34 28
35 40
9 3
8 29
17 36
38 23
34 11
30 4
35 12
10 43
9 19
16 18
8 23
10 36
26 22
35 37
5 19
47 49
13 36
47 5
6 16
2 6
26 33
30 43
8 20
11 35
42 46
20 47
2 24
4 21
17 22
41 40
22 23
13 32
19 16
2 43
5 50
13 10
8 40
16 20
20 13
31 5
1 48
29 41
35 3
26 11
49 10


GREEDY OUTPUT:39
