50
322
8 2
30 32
46 42
16 28
18 27
18 45
41 1
15 36
29 40
21 37
2 15
41 14
30 47
6 41
30 46
3 4
13 3
24 21
21 20
2 39
3 9
20 42
27 7
42 37
20 29
25 44
49 32
21 26
36 42
41 29
12 33
38 17
1 12
22 36
22 26
46 32
45 10
14 42
3 32
46 13
13 23
4 46
26 49
37 18
13 19
35 30
19 50
19 44
28 42
29 28
43 27
24 44
3 16
11 9
43 13
11 17
32 13
10 18
8 47
19 48
20 44
27 15
46 26
11 47
26 20
41 42
21 42
36 5
41 28
18 34
12 30
4 9
13 33
43 49
21 6
32 45
23 18
14 38
44 2
42 12
43 37
45 14
1 9
32 36
8 10
36 40
4 20
36 28
19 43
18 17
38 44
28 50
35 11
33 8
23 4
46 12
9 40
33 17
17 44
18 31
50 2
41 46
8 37
25 19
19 20
35 21
13 25
17 47
2 18
43 22
4 18
24 8
22 9
29 14
37 6
30 42
2 5
34 16
28 40
38 19
19 30
10 3
8 44
11 48
13 16
19 41
16 49
34 30
48 35
32 14
24 19
2 46
49 2
12 28
42 11
41 25
18 22
37 38
43 6
40 45
12 20
34 50
17 48
41 44
39 3
50 15
34 2
12 43
19 12
48 5
16 9
31 37
21 34
25 18
3 34
42 24
13 7
45 1
13 49
26 4
41 4
22 17
25 32
40 41
6 24
41 38
39 26
48 9
23 36
42 4
40 19
19 31
40 12
33 48
23 32
29 5
49 33
26 6
28 39
41 3
17 43
5 37
3 15
38 1
43 46
26 16
38 2
13 44
28 18
22 11
5 27
22 12
40 14
34 23
33 27
45 25
33 10
6 11
4 19
11 49
26 31
11 43
39 50
44 42
7 2
22 14
41 33
47 15
7 42
43 1
7 45
15 26
40 37
38 40
26 43
46 28
45 27
23 47
47 40
48 41
5 44
9 30
40 13
50 45
4 8
4 40
25 37
34 17
48 44
9 43
26 9
11 44
49 4
19 22
22 49
15 31
49 47
20 39
3 40
10 42
49 42
8 35
33 1
39 23
22 39
14 37
36 48
1 46
39 49
21 38
42 3
39 5
47 48
44 12
47 33
28 43
6 38
14 23
35 36
42 17
8 34
12 35
22 13
18 7
7 32
28 22
1 32
49 1
27 19
10 12
20 45
30 40
6 15
23 37
50 23
49 6
30 15
13 21
5 6
43 36
4 28
20 18
6 33
31 21
25 43
32 41
23 19
6 8
10 43
36 12
30 5
32 5
38 47
31 46
22 10
7 12
41 49
46 38
33 45
30 14
28 15
6 2
2 41
20 43
33 46
8 46
16 2
2 43
5 17
2 25
20 49
26 30
40 33
24 46
45 41
4 13
21 30
32 4
39 41
35 3
20 22
8 50


GREEDY OUTPUT:38
