50
299
33 6
46 21
50 39
12 2
46 48
37 47
32 7
25 46
31 36
5 8
42 39
21 41
8 35
41 43
48 25
18 9
1 33
2 35
7 24
27 13
20 12
4 32
8 10
24 16
50 1
37 35
40 23
23 50
49 43
18 20
45 26
47 21
43 23
20 38
32 3
29 44
6 17
37 46
11 7
2 20
36 11
42 23
11 1
25 35
32 1
44 26
28 50
24 9
30 12
35 11
28 1
21 40
29 9
14 33
1 5
42 14
15 42
4 5
10 28
13 47
4 33
11 19
23 15
20 9
3 19
8 34
17 30
5 32
22 21
33 17
17 44
8 26
49 29
30 41
19 33
26 6
17 23
1 10
30 47
44 49
18 39
37 30
24 17
3 11
13 3
7 20
2 39
44 6
4 47
50 43
34 48
10 23
21 10
13 1
36 18
26 16
37 22
24 22
16 23
32 49
26 50
38 2
47 32
18 6
1 2
24 32
15 40
27 12
13 29
8 48
38 3
41 2
5 42
5 15
7 48
9 8
5 28
40 29
10 35
19 34
12 3
27 29
38 46
43 38
39 40
18 42
16 45
35 18
41 10
17 19
15 44
21 48
38 49
24 2
32 34
40 4
5 3
17 13
20 10
47 24
42 20
47 3
11 48
13 16
41 45
5 6
5 16
15 45
47 22
27 2
45 8
35 32
7 22
30 2
46 14
33 36
37 24
16 1
36 44
7 6
29 37
23 13
34 36
40 7
8 25
25 50
34 3
27 39
36 41
48 47
45 12
12 28
20 50
43 27
9 23
9 13
49 30
32 48
50 6
33 5
15 39
27 8
33 18
25 30
24 40
14 25
13 42
42 11
15 7
28 24
5 30
29 33
1 37
4 29
15 50
38 40
39 11
5 11
14 40
14 8
23 28
14 28
30 16
39 44
3 43
4 22
47 20
31 46
23 39
42 30
39 24
26 22
18 3
38 9
7 38
6 16
23 7
38 37
26 24
43 2
33 44
21 45
10 32
5 14
50 4
28 6
20 43
18 41
5 10
5 24
24 33
16 47
17 48
17 5
16 2
37 23
40 10
27 37
8 38
34 10
28 30
32 20
48 28
41 42
7 47
9 1
12 49
31 49
13 45
26 29
2 45
19 8
41 28
21 35
14 7
3 41
40 44
25 17
12 40
25 37
2 25
2 26
47 8
2 9
48 4
7 36
46 39
21 36
13 33
42 24
42 46
33 49
17 40
16 21
40 33
3 48
20 13
16 43
50 13
46 17
13 49
21 6
41 7
29 38
22 49
13 28
27 11
5 43
14 19
39 10
26 4
32 2
24 25
48 38
44 4
4 11
13 40
45 49
35 45


GREEDY OUTPUT:41
