50
357
50 14
46 21
6 25
18 33
32 15
38 28
20 12
34 21
50 32
6 29
49 38
39 6
2 19
18 27
21 19
41 1
15 36
22 41
50 16
17 6
23 29
4 45
15 9
11 34
30 17
43 44
23 49
45 5
27 32
45 36
14 31
12 13
36 18
26 1
29 22
21 26
36 42
2 33
43 10
25 27
26 25
1 12
27 45
31 43
22 36
35 9
27 29
22 4
15 30
13 15
26 32
8 5
40 3
25 40
18 2
36 29
21 22
10 31
13 19
23 9
39 48
24 6
27 28
2 38
25 38
36 6
24 44
42 19
45 50
15 50
10 18
19 48
48 27
29 1
9 6
18 43
5 1
37 33
22 31
17 34
46 5
30 31
34 14
20 8
16 44
21 29
30 11
44 23
3 33
14 38
42 40
13 46
16 31
36 31
40 26
12 31
39 31
13 37
6 35
36 40
7 18
34 8
45 19
22 20
24 43
10 4
21 8
37 41
11 20
17 46
23 24
22 7
36 34
23 4
41 46
8 37
12 36
5 38
38 43
15 14
19 20
34 45
17 35
17 47
47 45
50 25
22 16
16 37
2 5
23 40
35 10
35 22
28 23
12 4
44 8
10 3
43 33
27 2
19 49
14 45
34 31
50 31
12 28
42 44
16 24
6 22
26 39
27 8
18 46
42 11
21 32
41 25
33 42
5 11
40 47
48 12
40 45
44 36
40 34
28 6
44 31
9 32
33 23
19 17
18 13
50 33
28 30
3 28
29 3
3 20
17 11
38 31
2 3
49 18
4 2
7 17
26 36
5 43
6 19
49 27
41 43
20 35
47 50
13 24
31 48
24 48
25 23
9 28
7 31
31 18
29 26
8 32
2 47
36 21
16 8
7 8
27 46
49 24
30 29
28 39
1 34
1 39
44 6
37 49
38 1
16 12
31 20
32 49
36 19
26 50
34 6
37 20
37 15
5 28
15 5
35 8
7 14
45 6
38 30
19 27
17 10
16 39
31 2
13 48
28 25
38 16
34 3
48 47
34 12
2 37
12 37
43 39
4 7
11 45
33 5
7 42
7 39
7 45
20 1
11 16
14 8
6 37
23 47
29 2
22 3
32 29
35 7
17 50
42 22
42 50
40 18
7 10
49 36
26 45
41 23
27 16
49 44
42 26
31 11
8 30
15 31
27 21
5 40
42 31
10 42
27 10
46 49
7 11
1 42
31 9
49 43
37 32
9 20
47 21
20 21
39 49
47 29
8 6
46 29
14 4
6 27
44 10
36 30
46 2
29 45
41 5
19 33
3 12
3 26
33 20
8 49
23 11
47 42
9 27
49 25
17 20
2 10
24 4
15 38
9 48
50 23
14 1
49 6
34 7
30 19
50 5
44 21
13 2
25 24
36 3
50 8
16 42
8 29
17 36
46 10
38 23
32 41
30 4
34 32
49 30
22 30
50 6
43 28
14 25
30 21
39 18
17 28
34 41
31 46
5 19
47 49
47 5
43 2
26 34
9 29
27 37
44 32
18 28
2 24
35 42
31 49
41 30
3 42
48 4
8 40
22 15
17 26
40 33
43 4
29 11
36 37
38 7
22 2
1 48
17 39
22 34
49 21


GREEDY OUTPUT:39
