50
353
50 32
49 38
18 20
48 16
43 35
36 11
44 19
16 34
11 8
22 41
30 33
34 46
37 34
5 32
25 10
36 49
30 17
43 44
23 49
45 5
27 32
45 36
12 13
20 28
27 7
11 38
36 18
37 22
2 4
29 22
18 6
45 34
4 37
1 3
20 11
28 3
43 21
27 6
5 25
27 45
6 26
46 32
45 10
43 5
14 42
47 36
6 42
8 5
35 29
4 23
8 13
26 49
4 14
1 43
29 37
44 5
39 48
4 34
36 41
28 42
35 26
42 13
34 24
6 3
16 46
39 11
6 49
26 44
24 47
44 11
49 11
18 38
18 34
32 17
2 26
44 33
36 35
33 49
13 6
33 2
50 43
14 38
10 21
25 41
34 13
36 16
1 7
12 31
48 3
27 13
37 45
10 19
26 42
36 8
4 15
9 41
19 9
23 1
1 49
36 34
25 14
17 44
8 45
36 20
33 39
23 48
12 14
44 30
25 48
17 47
4 18
38 3
37 39
10 35
35 22
27 22
16 22
22 48
8 9
27 2
17 14
37 24
12 50
29 23
6 22
9 13
9 34
20 30
21 32
29 49
33 42
4 22
34 39
47 6
12 20
15 22
3 17
3 18
45 46
32 39
26 41
26 29
21 35
22 19
28 44
31 37
2 9
42 36
50 34
37 48
15 43
2 3
13 7
25 31
15 47
13 49
30 45
49 48
6 19
2 17
42 39
22 17
41 43
25 32
38 48
25 45
40 23
47 50
23 46
23 36
37 13
46 37
19 29
12 48
45 47
9 28
1 13
39 9
44 29
8 32
11 19
19 36
7 15
41 3
14 5
43 24
24 22
25 8
18 44
39 36
24 36
41 47
9 15
4 10
5 15
22 12
29 16
40 14
15 13
31 26
27 35
41 10
24 2
40 31
39 1
2 23
13 38
33 26
25 11
31 2
44 42
30 22
7 5
15 37
38 16
34 3
2 37
15 26
5 30
18 26
23 30
23 47
32 26
36 26
47 26
6 44
42 18
48 41
50 4
38 35
30 25
39 46
34 17
7 10
50 41
9 43
21 36
32 22
40 39
46 40
26 9
37 42
50 21
20 33
46 15
48 34
35 45
35 44
7 41
43 20
16 35
10 29
49 42
7 11
17 45
33 28
33 50
33 1
31 9
39 23
22 39
9 20
16 25
1 46
46 20
28 29
21 38
41 31
20 40
14 9
47 48
30 12
50 22
21 40
49 5
23 35
6 38
12 7
13 31
42 17
40 42
45 11
19 25
31 14
19 33
35 15
7 4
1 32
14 50
9 11
26 46
12 46
24 41
48 21
31 30
30 37
10 49
14 22
5 20
9 4
7 40
11 32
23 20
2 30
27 18
10 17
5 6
47 18
41 8
34 28
27 48
12 17
34 11
32 41
8 43
6 8
49 30
21 11
18 1
36 12
43 3
33 15
19 13
22 10
47 49
38 9
24 29
28 15
6 46
42 5
36 10
8 46
11 35
49 16
32 47
2 49
23 43
16 30
48 4
21 4
34 33
20 49
34 5
30 35
33 16
24 46
10 2
23 34
22 2
45 13
36 14
1 27
18 32


GREEDY OUTPUT:40
