50
321
32 15
29 21
22 33
2 28
41 26
18 20
28 48
15 16
39 38
11 8
44 26
31 39
17 6
41 20
4 45
9 37
1 23
4 36
11 34
6 43
13 35
3 9
27 7
50 20
2 33
1 3
46 45
7 28
35 9
22 26
12 42
22 4
15 10
28 33
9 21
8 18
17 15
31 28
23 25
21 16
29 31
21 14
15 35
23 26
19 50
27 3
30 48
29 28
2 38
27 15
44 9
18 43
18 16
37 33
3 24
32 46
39 45
23 41
46 5
25 13
34 14
19 14
42 15
26 38
11 13
41 7
6 50
46 6
12 21
17 25
50 43
10 21
34 13
12 8
13 46
22 6
13 37
11 3
4 31
22 20
46 36
10 33
19 9
35 11
40 5
33 17
41 46
12 36
8 45
3 49
41 13
38 43
39 37
4 47
9 14
42 38
47 45
50 25
44 38
22 16
18 50
4 49
42 16
18 11
11 39
22 48
42 20
43 33
1 41
19 49
17 14
21 18
49 8
9 17
24 30
49 2
20 17
33 18
17 31
13 42
42 11
29 49
37 3
20 24
43 41
40 45
27 47
17 27
40 34
41 44
19 17
35 48
31 33
35 24
32 20
47 19
6 48
7 47
26 10
6 1
38 29
47 8
3 34
49 18
30 45
2 17
6 18
12 25
21 41
28 8
41 12
43 42
40 23
26 21
45 28
45 42
2 20
32 18
47 25
31 18
39 34
33 48
11 41
12 34
24 18
49 33
21 17
46 50
1 39
5 37
15 2
28 9
39 7
47 32
41 47
2 44
37 20
4 10
5 42
40 14
9 8
33 27
38 18
29 18
27 35
4 25
25 42
9 38
15 19
48 20
1 47
6 10
30 13
46 34
11 45
24 5
47 15
40 48
28 38
7 45
15 26
43 8
19 39
28 37
34 15
14 8
23 28
23 30
23 47
47 38
16 29
4 12
32 10
6 44
37 12
9 30
35 7
4 8
6 4
25 2
40 18
4 40
34 17
35 39
26 45
46 40
26 9
18 15
47 37
50 21
22 49
41 6
15 49
35 45
50 39
49 42
48 25
44 37
10 38
9 5
15 25
13 18
11 7
41 31
42 3
50 22
21 40
44 17
12 7
13 31
40 11
50 24
39 27
23 12
41 9
7 4
26 18
6 36
26 46
12 46
3 23
48 21
48 49
27 19
34 9
10 49
50 27
50 42
22 47
30 40
14 39
17 42
40 25
2 10
6 15
23 37
28 20
11 32
9 48
29 27
46 24
30 1
19 32
10 17
41 45
50 10
25 24
34 20
27 40
17 36
12 19
38 41
28 32
30 39
30 14
37 17
37 11
7 19
14 6
9 33
30 10
47 28
26 33
33 46
37 4
6 12
42 46
20 47
49 16
11 33
40 49
34 5
41 32
29 11
21 30
39 41
36 14
1 27
4 11
22 34
26 7


GREEDY OUTPUT:38
