50
330
49 12
50 35
29 21
47 34
28 48
37 46
16 34
21 19
1 4
8 22
22 41
34 1
10 39
1 5
4 42
17 6
6 9
50 26
6 43
3 4
20 42
28 10
43 40
37 22
42 37
37 29
2 33
1 3
45 7
28 16
1 12
44 14
27 29
11 29
15 30
19 45
6 42
8 15
8 18
18 35
25 40
17 13
46 44
14 12
31 28
44 28
26 49
36 29
29 31
9 16
20 36
40 50
35 26
42 19
34 24
30 7
18 29
3 46
46 26
16 3
18 16
48 18
26 20
41 42
36 5
41 28
44 33
23 2
14 46
29 8
6 13
30 36
11 22
17 25
38 24
50 43
10 21
29 17
22 18
3 45
33 14
4 32
8 10
29 19
10 47
49 19
10 33
28 34
1 8
28 35
22 1
19 1
3 38
18 31
18 36
15 46
12 36
5 38
30 24
44 30
13 25
13 1
32 28
15 29
29 14
37 6
18 50
25 34
30 34
39 32
3 35
38 46
12 4
32 44
19 30
8 44
11 39
43 33
8 9
13 16
33 47
30 2
43 32
47 14
42 44
26 40
17 31
13 42
50 9
11 10
48 12
20 2
6 14
26 24
3 17
11 40
3 18
44 31
12 15
49 28
2 22
31 22
33 37
41 21
31 33
50 33
27 9
28 30
32 30
22 19
31 37
42 24
37 48
15 43
48 6
2 3
49 18
10 48
19 46
30 45
46 30
41 4
37 21
25 46
18 40
42 25
38 48
27 36
47 50
31 23
29 44
23 46
48 9
32 24
40 19
9 28
29 26
8 32
4 33
20 16
46 33
7 8
19 36
40 6
49 14
36 23
43 24
47 4
15 32
38 2
9 15
5 27
5 28
6 34
14 27
31 26
5 26
36 1
4 19
47 3
39 50
14 30
6 10
50 19
8 41
43 25
41 33
12 37
11 6
15 26
2 29
18 26
41 50
11 26
34 19
22 3
11 37
35 7
14 36
12 41
34 10
42 50
6 7
42 45
37 44
8 24
11 27
26 45
11 4
16 14
27 16
18 15
11 46
15 31
13 40
5 13
48 34
7 41
43 16
33 12
16 25
45 23
45 18
22 35
20 40
21 38
39 5
47 48
24 9
29 46
45 2
42 28
42 14
6 38
13 47
12 7
46 2
29 45
22 21
41 5
19 33
31 40
43 45
7 32
25 3
23 12
21 13
41 9
3 12
6 36
3 11
8 16
23 22
48 45
6 20
41 16
44 35
17 20
8 14
28 20
24 4
28 46
14 1
23 14
27 18
6 47
27 34
49 17
33 36
27 48
35 40
8 11
17 36
4 6
20 46
32 38
14 25
21 11
18 1
9 19
29 33
30 5
19 37
17 28
10 36
22 10
5 19
13 36
28 36
10 37
33 45
2 41
30 10
26 33
24 33
17 22
4 21
23 16
41 30
13 32
45 32
13 10
20 49
34 5
30 35
27 30
48 13
31 5
42 48
1 27


GREEDY OUTPUT:38
