50
347
20 19
37 9
38 28
1 50
6 29
47 34
2 19
16 19
35 19
30 32
48 16
10 1
27 17
2 42
29 34
41 15
44 26
26 28
10 39
4 5
37 34
23 15
9 2
4 45
50 26
11 34
43 44
23 49
31 29
45 36
4 17
28 10
37 22
34 40
8 12
20 29
25 44
1 2
18 6
45 31
27 23
26 12
46 45
7 26
44 18
13 43
7 48
27 6
1 12
22 36
28 12
44 14
1 20
9 7
48 23
44 1
3 1
2 21
8 13
26 49
36 29
15 45
7 22
29 39
16 33
16 1
23 9
39 48
44 48
3 44
28 42
26 19
3 16
32 48
24 47
9 39
20 32
49 11
48 43
13 9
24 27
44 16
26 20
36 38
41 42
17 34
23 41
21 1
11 13
21 43
12 21
45 49
50 43
25 41
38 50
33 14
1 9
32 36
32 43
28 31
37 1
6 28
47 30
21 8
37 41
35 11
31 12
3 38
3 19
46 12
34 43
15 46
29 15
37 7
15 14
44 30
25 48
20 6
7 46
20 23
4 18
40 15
24 8
44 38
4 49
42 16
25 34
35 10
33 19
4 30
4 44
10 3
8 44
42 20
27 2
17 14
30 2
37 24
21 25
45 33
29 50
12 5
19 42
20 30
43 41
45 35
10 27
26 24
28 5
18 41
32 39
17 48
43 19
41 44
33 23
33 37
35 17
44 45
35 24
29 3
12 43
36 50
17 11
15 47
41 39
7 17
24 13
22 8
48 10
16 6
26 4
6 19
10 44
49 31
28 49
25 46
7 24
44 24
38 48
27 36
31 48
25 16
29 44
23 36
46 37
14 26
45 47
42 4
31 18
14 2
1 28
7 8
12 34
49 24
24 14
17 8
28 39
14 35
5 37
3 37
38 26
28 9
25 8
39 8
9 10
31 1
24 12
46 23
33 27
28 27
37 43
5 26
1 18
1 29
46 22
17 10
38 13
31 2
50 19
27 49
35 38
25 7
43 39
4 7
21 15
11 45
10 26
7 45
2 29
4 29
6 37
32 26
50 18
40 13
10 32
50 45
27 38
14 41
34 10
6 4
42 45
19 7
11 30
7 10
11 27
35 39
25 26
11 46
50 21
22 49
37 36
24 25
20 4
5 13
41 6
22 43
10 30
10 20
33 28
19 38
45 18
39 49
47 44
28 29
45 43
31 4
47 48
24 9
46 2
42 17
12 10
49 29
15 24
12 38
31 40
7 32
3 11
14 50
9 11
48 22
24 41
48 49
47 42
9 27
9 35
45 29
49 25
44 35
20 45
3 47
28 47
48 19
14 1
30 15
19 32
14 43
6 47
47 18
41 8
40 21
27 48
9 3
45 24
8 29
35 20
45 12
31 21
46 10
1 17
45 16
32 38
20 14
14 25
28 32
17 28
35 37
47 49
43 30
5 49
9 29
26 33
11 21
17 3
24 33
36 10
6 12
8 20
18 28
41 40
41 30
13 32
32 47
27 26
2 49
2 43
16 30
39 33
48 4
21 4
41 32
26 35
10 2
22 2
25 20
20 31
17 39
22 34


GREEDY OUTPUT:39
