50
331
20 12
29 35
35 19
18 8
13 41
28 48
16 28
17 12
16 34
15 16
11 1
30 44
10 16
25 1
34 22
28 41
30 33
24 37
23 8
32 19
4 5
4 42
49 35
5 9
31 39
25 10
21 46
41 20
1 10
30 47
45 5
24 21
7 30
41 17
20 42
21 47
41 24
49 32
45 31
31 43
22 36
44 14
15 10
14 42
11 29
47 36
9 49
44 1
3 32
26 49
50 44
21 16
49 37
14 47
28 42
43 27
32 48
20 32
48 43
48 27
20 26
5 10
48 18
40 10
50 40
36 5
2 26
30 31
42 15
14 46
21 43
44 23
6 50
48 38
25 33
1 24
16 31
3 45
11 3
3 10
40 16
4 31
29 19
15 6
28 31
25 35
12 6
28 34
1 8
7 23
22 1
3 19
36 34
18 31
50 2
41 46
30 38
27 42
15 18
28 45
15 14
42 38
47 45
22 16
29 14
4 49
3 35
33 35
10 35
28 23
38 46
33 19
39 40
15 44
38 19
4 30
44 8
43 33
13 16
50 49
34 44
21 25
18 4
21 18
29 23
6 30
6 40
26 39
7 33
27 8
25 30
45 39
15 7
41 25
37 3
34 39
43 41
40 47
24 35
33 32
48 12
10 27
6 14
31 34
2 22
17 48
16 47
24 28
19 24
6 48
48 40
7 47
26 29
26 10
8 17
38 29
36 50
25 18
50 34
38 31
34 27
28 2
21 33
15 47
41 39
36 46
19 5
27 11
26 36
25 46
31 36
1 33
44 24
43 42
47 50
31 23
38 21
6 17
31 17
4 26
2 47
36 21
16 17
4 33
20 16
16 8
36 7
42 10
2 12
44 49
41 3
1 39
17 43
4 38
15 2
1 19
31 20
16 23
26 50
9 10
2 44
34 6
38 12
43 12
30 27
27 14
32 8
5 27
9 8
33 27
45 25
36 1
40 2
8 4
35 14
47 3
11 43
6 10
38 13
25 11
8 41
43 25
48 8
12 37
11 45
40 28
15 34
18 26
4 29
24 3
47 38
43 47
13 22
14 17
40 32
19 8
8 24
40 9
32 22
16 14
41 23
19 22
39 10
24 25
37 30
50 12
10 30
50 48
1 42
17 45
39 23
37 32
45 23
40 8
36 48
45 18
14 37
20 40
46 20
39 49
46 31
39 5
30 12
50 22
21 40
28 43
13 47
20 9
13 27
12 35
40 11
19 25
31 40
25 3
7 4
46 16
46 1
9 35
7 27
24 32
7 49
14 39
5 20
2 10
16 45
23 27
28 13
23 20
30 19
30 1
39 28
25 29
5 23
46 10
32 41
12 19
22 30
9 42
5 18
30 21
29 33
17 28
30 16
26 14
10 36
34 41
28 36
43 30
37 17
6 16
26 33
11 21
21 3
17 22
2 24
31 49
13 45
13 32
48 11
21 4
20 49
48 13
47 17
13 26
42 48
21 27
14 19
2 14
4 11
49 10
18 32


GREEDY OUTPUT:40
