50
364
49 12
49 20
5 8
32 15
29 21
18 21
8 2
24 16
49 38
6 29
35 19
18 8
30 44
2 42
37 31
29 34
28 41
25 28
21 37
34 46
49 35
31 39
2 15
29 47
21 46
40 43
15 9
50 26
1 23
4 36
1 14
23 49
27 32
33 13
21 44
41 17
18 12
25 49
36 18
37 22
22 50
29 22
11 36
20 11
7 26
12 33
25 27
5 25
12 42
37 19
22 4
38 25
23 42
25 40
47 24
18 2
26 49
21 50
16 33
46 14
37 18
11 2
16 1
29 37
15 35
23 26
4 34
36 41
14 44
2 38
40 50
30 7
19 4
19 48
18 3
20 44
4 39
20 32
38 37
29 1
9 6
28 21
2 27
22 25
42 47
18 34
32 17
46 5
4 9
11 13
49 46
21 43
30 11
19 6
30 3
46 6
50 43
23 18
12 8
36 13
28 17
46 48
40 46
3 45
13 37
32 36
10 19
36 40
28 31
1 45
6 28
10 25
49 19
46 36
35 33
45 21
9 44
4 15
15 17
10 28
19 1
22 7
50 2
24 39
31 13
12 36
5 38
8 45
49 13
23 48
13 25
34 45
50 25
40 24
20 23
49 22
30 42
35 10
18 11
5 33
8 44
11 39
8 9
17 14
18 4
48 35
29 23
32 6
24 50
49 2
42 44
26 39
38 33
13 42
42 11
29 49
39 44
7 38
40 34
5 14
30 8
16 47
41 44
33 37
24 28
19 24
29 3
11 50
26 29
22 19
27 44
6 1
47 8
42 24
37 25
37 28
33 41
5 43
2 17
5 34
50 47
21 41
49 9
41 43
46 18
13 24
41 38
45 42
25 16
26 15
8 33
46 37
19 29
32 24
12 48
42 29
40 19
20 7
40 12
47 25
16 36
23 31
39 9
10 7
8 32
21 23
11 41
24 18
49 33
26 6
9 45
33 29
12 11
4 38
47 4
16 23
31 19
9 10
31 1
28 18
37 20
24 12
35 27
38 18
17 19
41 19
35 34
18 48
15 19
26 31
40 1
27 4
39 1
14 30
17 10
48 15
15 20
12 37
11 6
16 50
15 34
8 1
4 29
26 43
23 47
11 15
11 37
4 12
23 7
48 30
16 41
14 41
42 22
6 7
7 13
39 46
40 9
50 41
32 22
11 44
37 42
47 37
16 43
28 4
10 11
43 17
5 13
48 34
20 39
5 40
43 9
3 40
10 38
33 28
1 42
18 19
13 18
14 11
47 43
20 21
1 46
42 3
8 6
14 9
24 1
30 12
44 10
44 12
42 28
44 17
14 23
13 47
12 10
40 11
45 11
19 25
3 11
10 40
5 45
26 46
29 7
48 22
10 23
3 23
41 35
42 6
31 30
8 48
20 45
17 20
44 46
8 14
6 15
19 34
24 4
18 42
21 48
23 27
49 6
3 50
30 15
16 48
4 35
25 24
34 28
31 42
12 16
8 11
35 20
35 13
31 21
38 23
34 11
32 41
12 19
50 28
43 28
42 43
22 45
28 32
38 47
26 14
26 22
46 38
14 6
46 7
48 1
23 5
6 45
20 47
13 32
8 39
5 17
5 50
35 1
8 40
15 3
17 26
17 4
4 13
22 2
45 13
12 22
22 34


GREEDY OUTPUT:41
