25
1000
1001000100000110101010100
0101000111011101110111011
1000111000001010001101000
0011101010011010111010110
0010010011101100111100011
0100101011000001100110111
1110110100000100110000100
1101110110000011100101000
1011111101110000110100000
1111111101110001001010001
1101110101100000111110001
1001110110110000011100101
0100000010010011001100001
0000110010111111100101110
0100010111110010101000001
1000011000111101101100001
1011100011110010011111110
1111110000010001000011001
0100011100011000101011011
1100111000100010101100001
1110101100110101011100111
1111110001000010100000011
0001011010110011111001010
0001001011101110101001110
1000100110001111110100011
1001100010111100101011001
1100011010111101110111010
0000000001011011011111110
0101110100101011010111001
1111001001000011111001111
0101011110101110000000001
1000011010111011101101000
0000111010011101011110000
1011010001101011100110100
0001111111100110010100001
0011000000101011000101100
0011111011111001111000101
1111100110010111001001010
1011111000001100000111111
1100010011001101010110001
1110101100000010110010011
0110001111100011010111111
1001000101010000110011111
1110101010101001010011111
0101010101010000001010011
1111010001001010101110101
1100010011100100000101001
1000011100011110101001001
0010110111000100001001111
0011110011000111110011101
1011111100110101101111110
0001100001110001001010101
1110101001001110101010011
0001100000100011101110011
0000100110011111000000000
0111010110100100010110010
0100100111000111000100101
0101010001011100000000100
0001101001111010011001001
1010100111010000010010000
1010010000010010001100111
0001100001000100011100111
1001011111101010000010011
0011100011000101100100101
1110000011011101000001100
1111101101011010010010101
0000000011111101101100101
1110000111111010101001011
1010000010010000100111100
0100110110011101001000111
0011010110011100000101100
0001000011000010101100010
0001100100101101011011101
1111110000110011110001100
1111011111100000110100001
0110000111010110111110010
1101000110100110111000100
0101000101011010111001000
0111001010010001011011111
0001101101100111011111010
0011010000001010100011001
1110011111111101111010001
0101100100001011101011111
0010101111101110100000000
0111011100110111111010000
0000101010011111010000001
0111010110010010010000110
0101100100101100100001111
1011111101100110111010101
0111010110111110010001001
0100101100000001000110011
1010011000101000110011111
1100111011110001010011001
1101010110110100000111101
1000011111101101001000101
1110111000000100111010111
0000110111111010001111000
0001111111101111001000011
1100010100101000001110101
0110000111111111100101011
0011111011101000000010011
0101110110101011010001101
0001110110110000101101100
1000001110111000100110101
1101111010001101011101110
0011010100011000110001100
1101110101110111100111011
0100010111100010000000010
0001000101111010001010000
1011110111001110100101110
0010001011011011100000101
0100101001110111011000011
1000000110101010001011001
0000110000110101110001111
1010010111010000101111000
1110001110101110101100111
0001000001110100010000100
1001000011111110101011011
1010010000010101101110011
0000011011101011111011111
1111100111110101010011110
1111001001100110110001001
0011011100111110010111110
0001100000111011111001110
0101110001000000001000000
0110000101100011001000101
1111010110011100010000111
0001011000001110100100100
0001110010111110010011111
1110100001000001111111111
0101010011100000110110001
1011100101000001000000101
1000101001010011111000011
0111101000111110001110011
0011000100101111000010111
0010111011101000100111001
1100000100100110000011010
0010100001000011011011110
0011010010101100001110000
0100011111111101001001011
0100000000010010001001011
1110001000100001010010011
1001100100110111000100010
1001000001101011010010001
1101001100111100011011010
0111000110110000101010000
1110010000011010010010000
0111101011110110101011111
1011000110100010101001100
1010100101011110111110101
0111011000011101111000111
1111010011101010111111010
0000001111000110011011000
0011111101110111100011011
1001111101101111100110001
1101010010100010111000101
0111001011110100011011101
1000000111110110101011111
0100001011111100111011111
0100111011010011010101000
0000010001010011011011101
1110111101100001111101101
1111110110110110011011011
1101000101010110100110110
0101010011011000000011010
1011111000110011001111001
1110011110001011001101101
1000110001111010101111010
1110111101100001001111001
1101100101110000000110100
0010011100100001011101101
1001101000001101100010010
1010110111001010111000101
1110011011111010000010110
0011010010101001000101101
1111100100110100110101111
1011101001001110001001001
1100101001000011001000110
1100011000010110001101001
1011110001001100011000111
0110011011100010000111110
0100111110100001110100010
0100001110110011111101000
0101001011001010110000110
0101101011100010001110100
1110101010001010100100011
0101001010100101010010100
0010011111100011101110001
1111011110101111011000010
1011110010001100000010001
1010000000111111001100100
1111010101011010110000010
0110110010100101010011010
1010100010111011000101101
0100111010101000001010111
1011110011011101001010111
1111110111000011111100111
1101001101011100111000101
1001101111011000001010001
0100010000100111101010111
0001100010111011000111100
1110010110110011011010010
1001001101111110000111011
0011110110000110110101111
1011111111110100011000011
1100100000111010010100000
1011000000001100010001000
1001001001011101110001110
0011010001010111110010000
1010001011100010111110000
0010101100110001111111100
0011100100111100110011111
1011010110011010000101110
0001011000011000101000100
1011010001111111111101000
1111000100001111010101100
1011111101011100110010011
0111001100100101011111001
0010110001111011001000101
0000101001101000011101000
0110001010100110101011101
0111110111111110001000111
1011110001001000000101010
1001111110011101100000011
0110010000010011011111000
0110111110100110011000111
1110100010000101001011011
0110111001111111111110110
1001110011000111010100110
1011101000001100000110101
1000100111110101101101010
0011000111100100100001010
0110010000001111010000011
0111101100101111001110111
1010100101000001000011001
1100010110101001000010100
1100100101110111110110100
0010000011101101011010011
0001101110100110100000001
1010000111100111011110101
0101000111111011001010101
1100110011101101100100100
0101010011000110101100101
1000011010010001101001001
0011001001100000010111011
1111010001101011010111111
0001110100000001101001011
1101111111111011000001010
0000100001110111011100001
1100111110000100100010011
1011110110010010010000110
1100101001101001000001110
1001100100110111101000100
0001100111110010101001011
0100001110010110000011011
0010110001100111101001101
1000000110000000010101001
0000111101011011000001001
1010000110010111000100001
0100001111110110111111001
1000100100001011110011100
0010110110110101001110110
0101001010110010011001011
0001101011001001000000101
0111001011000110010000110
0111110100001010000010000
0001001000111001111110100
0000110110011101100011001
0100001001000000100101000
1110101110001110111011011
1000011110010101000011001
0011010100110110001010111
0001001101100101011000010
1110000000011001010101100
1100000100000011101010110
0101111000010100010001111
1000100100110010001011011
1010100101110111111010011
0110100001100110000100010
0001011001000001000010000
1011000111001001110100101
0000101111000001111110110
0000111010110010110100011
1110001100100100101101010
1100111100100001110110100
0010110111010010010000111
1111110010010111100010010
0111110111101010101001100
1111100101100001101010011
1110100101001000101001110
1110010010110000001100110
1111100100110011101011110
0011111010010010111011100
1011111000101111010111101
1110011001001111011010101
0010110010011000001100011
1111111100000101110011111
0101011000111110000110110
1101010100101100001100100
1110000000001010000001101
0000011110110111010000011
1010100110110011001111100
1111110000000011111100000
1100001011110111011110101
0101011111000110010101100
1011101011011010110101011
0111100100100010111001011
0111001001100010110110000
1001001101011101111111100
1000010001100010000001000
0001110100111011010011011
1101001111011011010111110
0010010000000100110100000
0010111000000100001010011
1000001000101111100001010
1100101110010110011110101
1000100100001101011101110
1101111001000011101110001
0000110101011011001100000
0101010101001100111000111
1101010010001111011100000
0110010001110000111100111
1000100011110100100001011
1110111111001010001101001
0100011100110111000100001
1010111010101000100011110
1001011100101100101011110
0101100110111110101010110
0010111111001111101010000
0110001011001101100101110
0011111010011110100000000
0110011101000000101100110
0111100011101110011110101
1001001010110110000100111
0010011000111100011110011
1111101110000101001011010
1001111100100101100110000
0100011000001010011011110
1110111010011000111111111
0010010111010101011000111
1101010000000110011110010
0000101101001101010001000
0101001100011100101001100
0101100110011011011000111
1010110100000111000110011
1101101111111001111001110
0000000101000010000011101
0011010100110110010010110
1001111010100111000000001
1110001001110111000110110
1000010111110010001110010
1000011100110110110010101
1111010101110001011110001
1000101100101011100011011
0110110111011001011100110
1000110110010101111110100
1001011000111000000011000
1101000110001111001101100
0110100001100111110101111
1011110111011010100001100
1010000010011101000101011
1100110001001110010100100
0101010000101011101010111
1100001100100000100010000
1110100100000001100110001
0011010101111110001111011
1100100101100000001110101
1000000001010011000011110
0110011011010101001100111
1010000011011111010100100
1110000110010000011101100
1100100000111001010100011
0100001101101100101010001
1111000101000100011101110
0110000011110001101110100
1111010001110110110100111
1111000001001100111101101
1001010001100001100101100
0101110000011101001111010
1101111010011001001011010
0011011111110010111100011
1111111111010100101001110
1111100111100011000110110
0111111001010111111101001
0001001001010001100000010
0100110110010110111011100
0001101100111100110000001
0100111110001001110000011
0000010100010100000111111
0101111010110110010110000
0111110011100001001110000
0111001011100011011011010
0101100000010011001011110
0100110000010001011001000
1010000110100101011001101
0101011110110010010110001
1111110001000100001000100
0101100000000110111101010
1010001100110101100010110
1100111010110101010000111
0100101101101100000101101
0000111110010101101111000
0110011100010101101111001
1111111011010010001101100
1001100010100010111000110
1101010001010000000001001
0001011001110111100000101
1010000001101000010001110
1001110000011010000100011
1010111110100110011001110
0011000011101000000010100
0100110110001100010001010
0100101011010101110010111
1101111101001101000010111
0000111101101000000000100
1010110101010100011000011
1110000101110001001100100
0001110010000101000101101
0010011110011101100110001
1100111101001111010111011
1110000100010100010010111
1001010010111011101111101
0001100101110101101111100
1111111000101111110010010
1011000010101110100111000
1001101010010101011101011
1010000000111000000000011
0011010111010000110010100
1011001001110001110010011
0110110110010100010111001
0010111001011011001100100
0010110100110111010111101
0001110111010100001011001
0101100010010110100100011
0001010001000011100011001
0011101011100100010110111
1010111100010101100011101
1001010011000000010011011
1111000100010110001111011
1001000100001010010000001
1001101000010011110011111
1011100110001100001001011
1010010101101001001101000
1101011101100001101011011
0100110010000111000011100
0000011101011011001100100
0100011101110010001001111
0100011010011001110110001
0111111101100100101001011
0001110000011000001100101
0001110101111001110010011
1001010001011011001111010
0111011111000011010101011
0110001001011110100001011
1011100011111111111100110
1111110100110100101101100
1000101100011011000111000
0111001110001011111110001
1110111101010111101110111
0110010001001111111101110
0110000001110000011100001
1000111011001111001001000
0100011001000110001101110
0101101010110010100000110
0001010001110100001000100
1011110100111101000100100
1111111000110100100000110
1010011000010101010000011
0110000011000001011011100
1010001111100000011010001
0110100011100111011110100
1011000010100001101110001
1001000010101111110101111
1010011011001010100111101
1000010101110010000110100
1011010100110011001111100
0101001110110111010001111
0010011000101000010001110
0001000000000010101100010
0001011001000001011111110
0100111100100011000111110
1111110101010100111100001
0101100001110100011100011
0110010111000101000111001
1111101100100100001001000
0011101110101111000010011
1010000111001110110000010
0101001001100110011001100
0000101110001010000011001
0110010011100000110110000
1011010011010000011101011
1110101001001110100001111
0000000010100000011100000
1011101011001111000001100
1111011100001110110000101
0110001101110000100011100
0100010001010001001010101
0110000111111101100110010
1010111100011110110110000
0101101101100111000111110
1001100000001100101000111
1010101110010010001110110
0110110101000010111011100
1010111110101101001000101
1000001010111001000110001
1001011100000010101000000
0101111001100110100101110
0110111011000111010100101
0001110001100110011110111
0000010111111101101100001
0010111110111110001101011
1010110010010100111100011
1110110010111111100111000
0001000101101000111010100
1010010101011001110001000
1010001101001111110111010
1111110110010110011001001
0010000001110111100110101
0010111110011001000000001
1001111001000000010111111
0010101100100110101001101
0011001001101010110100000
1100001101111000001111101
1011011001010011000010010
0011110101100110001101110
1000111010000010011111001
1111001010100111001000111
1100111010101111001111011
1011010010000110000111100
0111110110101110111111101
1010010011111100010000111
1001111100000110010100100
1101011110101001010100111
0111000001000001111110001
0110110101101100101011010
1011100101010011110100100
0110011110110011011001100
1110000100101001011111101
1111101111100011111000100
1111000001010110000101010
1001101101100110101010010
1001111111100001011100101
1010100011110000001100111
1000010110001010011100110
0110001110001101110110101
1001110011100010011110111
1111011100110101000111111
1011010110010011100111000
0110010000110011101011111
0001000111101111001000101
0011010110000101000010010
0001000010101110010110110
1010110001011011100111011
1100011110100000010000001
1011100000111000000100011
0011011101101101000011110
0101100011010111100111000
1111011011110101111001111
1100001011101110010001101
0001000000011000110000001
0110000001101101010001010
0011010011001001101111100
0010010011011010001010010
1000000011100101101100010
1100011101100110000110100
1111101011001100101111000
1111110001011101110101111
1101001110001100000000110
1111100011100001000010001
1001010100010011101100000
0010111100010111011101111
0100010001111101101100101
1100110011111010000011001
0000100001010010111101110
0100001111001011010011101
1000111011001000110111011
1010111111011101000010110
1000101000110111010011100
1110001110000111001011001
0010010001010110010101011
0111011010000011010000011
1011010100101100101011001
0001100010100101010000010
1110010011010000011111001
1011011111100111111100100
1101001100110010110001101
1010111100110010100101001
0010010010000000100001110
1011011101011000101011010
0011001011110001110110001
1001110011101110111010110
1110111100110010100001000
0011101011110011101110001
1010111111100111010010010
0001100100111111111000100
0000010111110110011101111
0111110100101010011000011
1111010110111001010011000
1001110011100111011001000
0011111111010110110111101
0101010000010010010101000
0101011000100001111000110
1111000001110010101010110
1001100110001000101111000
1000101101010110000110101
0010011010011010110110011
1101010011011011010000000
0111000011100100011011000
1100110010001100111001000
1100111101000010111101101
1001000010111100101100110
0010010101110010001000010
0101100110110101111011110
0111100000101011010000011
0010011111001100110001111
0000110111001101001110010
0000001000011010110011000
1100011110101010010110001
1110011010100011011001000
0101110011110000111001001
0000100111000110011101111
0010101110110111101011110
1100100100011101111110011
0111010101111001000001110
1111000110110100100110000
1011110100011001011101111
0011010011010010001010001
0111010011110110010010101
1101010000011000100000100
1000110110101011011010110
1010001000100000001110000
1001010001111001000011101
0001011010001011111000001
1111001000110011100111100
1000011000010111010101101
1010011100000110111101101
0010000001000100100001101
1011101100000001111000010
1111101111011110100101011
0101000100111100101011110
0111100101100111101111011
0010111101100000101011010
1010101110111000000101011
0011010001000101101111001
1110001100100111001010000
0100101001000111011001100
1111101111011101000010000
1101111100011001111011110
1111100001010011010010111
0100101000101100001000011
0000110010100010001111101
0100000100111001000001010
1101111101110011101010101
0101011011011101111001101
1100110000110100010101011
1110011101001110100110000
0001011101111001000010001
0101111101011011110111011
1000101010110100001011000
1101000101001101101010100
1110110010011110100011100
1000111010110010110000111
1111110101000011100100111
1000111001010010110000001
1110001101100011001011100
1110011000001110011101011
1101000100100110111111011
0101010111000000101101011
1101100001001000100111011
0000011111001001110001001
0101001100101100110100000
1011111001000101111010101
0111111011000001010001101
1101010111010010100100101
1001001010010000010010111
1010101100111100011110111
0101010011111011010001010
1010101010111101111100000
0111111011101110000110101
0111110111001110010001000
0111011111110001001010011
0000011100011000000010010
1100000101001101110011111
0110010100100000100011101
1010011000000101000001111
1110001100110001110111101
1110110111100001000111100
1011000111010110010101111
1001010110011011010110010
1011111000010101110001111
1100000010110011100101000
0101111000000100100110101
1101111100110111101000000
0001001000100011111110011
1011111110100100101000101
0100111000010001010001110
1001000001010101111100110
0110011010111100101010111
0110001101001100000101101
1101101001000111101001010
1110110000001111000000000
0111010001000010011000000
1011001001001011010101101
0100000010111100101111011
1011000000100011000111101
1110001100001110110000010
0110010000100010010111111
0110111100010101010010010
0001001101011100101101001
1101111110000111010111110
1011010101000110011110100
0110110100011011011011110
1100010001110101110011000
0010100110110110101010110
0011111101111010000001111
1100100101101100010110101
1000001010101111010001100
1111101001101101000110011
1101001110111100110001100
0100011101000101111011100
0001100110001001001011000
0100000011111010111001000
1001010010001111110111101
0111101111101010101110110
0010000110011110010110111
0001000101101100101010101
0010110011111100100110010
0110010001001101100000000
1010101010001011101010101
1000100100000100110101101
1100110101101111001111101
1100010000001001101011100
0110000111000110101110001
0110011001000100111110011
1110101110100110001001001
0110101111000010010100101
1110000000011000101010111
1110100000011100100111110
1101111000111000010101000
0000010010000101000111101
0110111000100011110100001
1100010100110100111100110
0010101101000000010001010
0011011110111001001011110
1111000010000111001000111
0011001000001001101001110
1111101010100011010110100
1100000101001001100100101
0100011001111010111010110
1111100010101001111110000
1110110000001100010011111
0100011100100000011010001
1100010010000011000100001
0010001110001000111111100
1101010111110011100101001
0010100101010111010101100
1000000001011110100011000
0010110101110010001100110
0110100000010110100011111
1101001101111010001110001
0100011111111010010111010
1111110101000101100010001
1100111101011001101100010
1011010110111001101110101
1111101100011011110100111
1001100011000101111100100
1000101001110001011011000
1001101011101110100111010
0001111110111110100001000
0011011101111010111000111
0111100010101101101010111
0101100100100010001001101
1000101111111001101110110
1100000101100101110101110
1111000010101001110011001
0010101111010101011011101
1010001100001001001110101
1000101000010110101100110
0101001001010101101010111
0100100011101101001111001
0011000101000100101011010
1110111010010001111110101
0011001100111001001001010
0110111110011101000001101
0010010000110001100100000
1001100101010001101010000
0101101000101110111101101
0010001010110010110001000
1111000001111010100011101
1100001110100110111010011
0011010011100001101100111
0101000010100000110000100
1111110101111000100010101
1001101101111101111001110
0011100001100001000111001
0110111000110000011100101
0101011010101110001001001
0001000110011011010000110
0111000101101010011100111
0100000010001111110101100
0110110110011010011111010
0001000001111011010111100
1110000111111100010011101
1000111101000000110010011
0101111000111110001011000
1011110001110010001011101
0010101000010100011111010
0001101111011111110111010
1110110100011100101001010
0011110111111101110100111
0111000010001011111100101
0011011011001100011101110
1010011101100110101001011
0111000110010101110111111
1000001011000101010001010
0000110100000000010000111
0110110101100100001010000
1001011111100111110010010
0100111101011100101101110
1101000000111111101000101
1011001110111110111010001
0000001110110111001010100
0010001110001010010111010
1111011010100010101001000
0100011000011011001001010
0010010010011010001111000
1111011110010010000000101
1010010100110110001111111
1110101100101101111000110
1101010110101110110101101
1101101110011111010000110
0001100111111111100101100
1000111010001010001101110
0110001110000100101100011
0010000011110000000100010
0001101100010010001111001
1100011101110011011001111
1100001011110001001000110
0100100110001111010111110
1111110110111000011001011
0000111111010001011010100
1001000111001111100101100
1111000111001101110101111
1010111100110100001011000
1000010100000110110101110
1110100000100001001101010
1001000001000111100001011
1111100001011010110111100
1110110111110110000111110
0011010010111101000010000
1001111010111010000110111
1110111101000110100011001
1101110010011111011010100
1011100111100101110011011
1101110100011110110001111
1111110011100110101000100
1101001011100111100001011
1011000110111111010010101
0000111100111011111110110
1000101110000001111111101
0110010010111001101101010
1011100011001101001001100
1110101110111001011001010
1001100101111100110110110
1101100100011100000011000
1100001101111110010111000
0010010101111011100000111
0101001100111101100100101
0111011101011011101010001
1001001000000011100000101
0011110111010001000111000
0001010111001010100010100
1111000111001000011010010
0110111000001010100100011
1100110001101110001000000
0111110111010111001101010
0010011011111111110111111
0011111000010100011111101
0000111110010110111001110
0101010000010101011010110
1101010111100110100100110
0010111011110110111000000
1101001010101000111011111
1100101000111010000101111
1111111101110010101010010
1100111010011000010110100
0111000000001110000011000
1010100110010011011001100
0101001001100101000100011
1100100100000011100011001
0101001100100000110000010
1011001000010010111111011
1001110010010010010101101
0000110111010111110010110
1000100000110001100001101
1111110111101001111001001
0001101010011001000101000
1111010101110111001000100
1100000110011000111011101
0001110101000000100110101
1010100010111010000100000
0101100111001000101011011
0101110011100000001000101
0011111110100111110010000
1011100101101101101011000
1100100101111111011011000
1101000010110001111100010
1010010101010000000110100
1101110111001100010000001
0010101111111100111100011
1111100010100101011001100
0101101111111000010101110
0010010010101001011111010
0010010000111001110110011
0110101000000100100111001
0110000001000101100111101
1000001001010011000100011
0010100010101101111100100
0000110000110000011000110
0100101011011110000100101
0101010011111110100010110
1100101110010111101000101
0101101100110101001011111
1010101000010100011010110
1110110111010110010010001
1001101101100101000011110
0001100001100000101111110
0001100110001100001110111
1111100111010001111110001
1111001001101010101001111
0000100101100011100111010
0110010110101100011001001
1100001000000111001111001
1110100111000101111100111
0101100111111000110101010
0001000101101010100110010
1011010011011101000010011
0000110011011100011111110
1001100001010010000011001
1010100111010010100001100
0011111000000010111110000
1110000111101110010110001
1000110110000001101110001
1101101011010001111101111
0011110100110011111101011
0010110110001101010110010
0110111100010110111001101
0000011010101101110010001
1011011111111001100111000
1000101100001100100011111
1001101111010000110111010
1110000110111001010001000
1001110101010011111000101
1110110010101101111111001
0010100010100110011001011
1111111100001000011101101
1110010001110100001010010
0001010101000100100001000
1011001100011000101110010
1000110100011100101011100
0010101001001100101101010
1101011010011111001000111
0011110000100110010111010
1011000110100100101000100
0010010111011000010110110
0011000011110101100001100
0010110011101110010011010
0000110111000010101100100
0011010000110001011100000
1101010101001001011011101
0011101101101100101101101
1100011110000000001111101
1010111011110011111101000
1010100010110011010001011
1000111100110110111111000
1111110000111011111101101
1000110110010000001000110
1000000110100010110110011
0011011000011011110001010
1110001001011010111010101
1101110111001100101100100
1100110111110010000110000
0000001001111010011110101
1111010110100001001100001
0110100000101110001111000
1010111001001011000100001
0001110111101000110110001
0001010010101000101000001
1010110011000101100001010
0100000001100010011001000
1011100011110110100101111
1010010101001111100101001
0010111101010101110111000
0101100101101010110100100
0101000100101011010010001
0000011111110101100000111
1110001101110001011111010
1000110001000010110010011
1100111010101101011111000
1100010000110110110001100

Greedy Output:19
