25
1000
1001111101010000000000110
1000100001010001111000000
0111000010001111001000011
1101100000001111101011110
1000011110010100001111100
0011100101011010100110110
0010011011010110010111101
0011011101101010000010000
1111011100000010101110111
0010101000100010111010100
1110011100101001001101000
0010000101001001101100010
1111100000010101011100001
0011011100110010111101100
0110011000000101111010000
1110001010010111100110011
1001100000001100000101010
1000100101111110110101000
0110000100111011100000110
1101011001000010001001001
1001100001000001000101000
0010000110001100100100110
0001001110011000010011010
0110000100111001110011001
0101101101010110100010000
0011110101111101110100001
0110101010100000000001111
0101101101010111010011011
1100010000001110101011010
0100000110101101101111111
0010111011001011000100011
1100100011011101100000110
0011101000100111001110110
1010111101110101001111111
0010111111001000001000100
1111001110100011010110110
0101001110100100000100111
0111111110001001110111110
1110011000000110111101011
0110100101100000100000010
1110111110101011111000100
0110010100100111010010100
0110100100001100001010110
1111010100001000110101111
1110111111111101001101111
0101110010100110001110001
0100001011010101011000010
1100011010111110001010000
0001001010000011010000011
1101100010101011100110001
1101001110011010001100111
0011111110101110001100111
1111110010110100011101101
0100101110111010101001010
1010100110001011000000010
1011110110001000111100011
1100101110010110111110010
0000100101111110110101010
0101111001100110110101001
1111001011101001110011110
1100010000111000000111011
1001111110100010101011011
0000101111110000111111110
0111101110111101100000001
0000100010101100010001100
1001110111101010001110000
0101111100000100001100000
0110101100011000001101011
0111010001100110001110011
0101001001110100110001101
0000100011001000000011101
0110001011111111100000000
0101101011001010011010110
1010001101010001101010111
1100111101010100111101100
0110101110011010110110001
1011010101111110111000111
0110100001110111001100111
1001101111101011111001010
0001011001111101011100100
0010000101010010010011101
1011100000001010000101110
1001010011111110101100001
0101111101100001100101000
1011000101000000000101000
0111101001110011101101010
0111010110010101011010111
0100001100000110101011111
0101110100011111111010011
1101010110001110001101100
0011000111001110011011110
0110000100110110000110101
0101110100010000100101111
0001101000011100001100100
1000001100100100011111100
1110001101001111110001010
1101110100011100110111100
1100100101001010110010011
0000100111011100000101010
0101011011110110111111001
0001000101011010001100000
0001010010101111011111111
0011011011100111001101111
1111111110011101100010100
0101110111000001100101111
0111100111111001001011111
1101100011011001101101011
1110100010010000100110111
1110111100111000010010101
1010110111011010001010000
1011100110110010111000111
1101011101010101000111101
1001011000100000111110000
1010010101001101001111100
1000110011011110110000101
1110001011011101101100101
0010010001100101100001100
0000101110010000010000010
0000111101000000011011010
0101101100010001111001100
0100001110010010011001111
1011101111011001001100010
0110101011000111011001001
0100010110101001010000110
1110010101001100001000111
1110000110110000010000000
0010110100011000100101001
0101101100110001001111010
1100101011000111110011111
0010011000011111110110001
0010001110110011110110111
1001001101100000010011111
1010000010001011101000110
1111111100100011010100111
0011110111100100001100011
0011001111110100000110010
1001111100001111011111100
0100001101111111010010011
0001000100000100110010111
1001001000000011100011010
0011001001100011000000110
1101010010110010000111101
0110001011010000111101100
0001110101101011111000110
0100001110001000110001000
0110110111010010010001000
0010100010011000101111110
1011010111111111100001000
1101101110101111100100001
0111101110000000110101000
1101010010010011000111010
0100010111010111001101001
1101111110001101110111100
1010001011110000000111101
1000111001001101000101001
0011110110110011000110011
0110100000010001111000011
0110011010010010111111010
1100001010001100011100000
0111011100011100100111100
0111010011111000010000000
0000000111011011110100101
1101100111110110111100111
0001110110111101001101110
1000001100101010011110001
0011010001000001000111001
1011101111000010111101101
0000011111011101110100010
1100101111011110111111101
1001010111010000000000000
0010110110010000000010000
0011111011110001111110101
1011011100111011001011011
0001000110000110111011010
0000010000010101011110000
0110111001000111000010110
1000011011101011011101011
0000001100001111110101111
1010010010111110111011000
0000011101100110111011000
1110011010010001110111111
0100111011001011011111001
0110110100011001000111100
1111101111110010011011101
0100110100000100110000110
0001000000011111111110000
0110111111001010100111111
1111001011111110110000011
1100001111111101010111100
0100111110000000111110111
0011001010010011111110000
1010110011111101001010011
1010111110100101011111110
1110000011110100010011011
0010001110111000111100110
0110011011111100010111111
0111010010101000101100010
0101100110011000011100001
0110010001000000010011011
0111001001111101100110010
0001011100100100011100000
1101111001000100010010011
0010100111011011000111001
0101001010110011010110101
0000000101001111011010100
0100111011010101111011100
1000111111011100000101100
0000001000010101111000100
1101001100100111000101101
0101000010000010011011011
1101011011101111011000111
0000010001010110111010000
0000010110110011100000000
1000000111000110111000000
0000011110000111001111001
1111100000100110010011101
0110010101111011100001001
0010110111011110000000001
0011101100001010100100011
1111101011011111001100110
1011010011110100011110100
1101010000111101111111011
1110111010011000000101001
0001000001111110111001100
0111000011101111101011010
0000100000011101010011000
0100011010101011010011000
0000010100010100000000010
0011010110010100101111000
1101101011110001111110111
0101111000101010000100001
1011101111000001110101100
0111110111011000101111001
0110001100010110011100100
1001100110010110100011101
0101010110000111110111011
0111111110101010110110111
1010000001001101001001110
0100111100000110010100011
1001000010010100110010100
1101011010000110010010001
0100010111011010111101110
0100010001111111010000100
1001111100010100010101001
1110000100011101101000010
0101110010101101000010110
0000000011100000001100100
1110011011001100100001001
0110010001101101011001000
1110110100101001111111011
0111011110010100111011101
0010011001001110110000000
0100011101010000000010001
0111101011000101000010101
1111011111011001001000101
0000110100010000100110111
0100100010111001111011111
1100011010001000100000101
0010001111100101000000111
0110110000110100001001100
1000110000100000101111001
0000101111001111111000010
0011100011001011111100010
1010110110100100000100110
0111011010000101010000010
1001100110110010111100100
0011110000011001001101000
0101100010111110001011010
1110010100110111110101011
0100101111101001101110101
0010100111101101111100110
1000000100001011010010000
0000110011101101111100111
1111101110111111111010101
0101111111110110110110001
0110101110110010111001010
0111100010011110111111010
1011110110001010011111110
0100001000010011110111001
1100100110011011110110100
1111100001011101011101111
0010011101000000111000000
0000011010000011000001010
1000000101101010001111101
1111011010101101100001001
1011110011000001100011000
0010000010001101100101100
1010110110101000000000101
1101001010011000111010100
1010000010011101110001011
1011010011000100110011001
0000001101100111011111001
0000111111011000001010011
1100010000011101101010100
0101000001000000101101010
0000101111010011000111010
0011000010010101111110010
1001001100010110010001111
1010001111100001110111101
0000111001101001111000111
0101100111011111011100110
1001100111001111111010101
0111100001101001010111110
1111100000001110010111001
1000010110111111011001111
1010111010101000000000000
1101111000000000111111001
0001100101100011010100000
1000011010101011100111011
1011011001010011111000011
0000100000110100101100111
0110001101010011001110101
1001101001100000011110110
1001100100110111011010111
1001111101101001000100110
0010001110100010000100100
0100011000000101100110011
1011011101101111011110100
1001100101101101101101100
1111110100000011111110100
1000000111111101000101011
1011101010001110111101010
1100100110101111010111011
0100101110111010001011110
0001111101011011111100111
0011110000111101110100111
1011101010001011000111010
1010010110111011111110001
1000101001111001001011000
0100000000111001011001110
1001001101001101110111110
1101010011011110010110000
1011111111000100101010100
0011101010010001001110101
1001011110110010100010100
0001101011011111110111000
0010110110110101000110000
0100010001100110111001000
0110010000011001010111111
1000101111001111101110000
1011010100110000010101100
0101111000011101001101000
1110010000000101000101111
1011000011101001100101111
1001011010111011001000101
0000101011110000110010010
0011110011111011100101101
1110111010100110110010110
1011000111010011011101110
0101111000111110111011001
0100110111111111110001111
0111010001010011001111101
0001100011111110001110111
0110001011011110010111100
0001000000110000000100101
1100010111000011110111000
1000000101100111110011101
1101110111101010110100000
1011010010000110000000111
0100110111100000001001011
0001101111101111011001010
1100101110110011000011101
1001000100000001111110100
1000001111101001000000110
1011111000000110100110011
0111100111111100010111001
1000101100100110111100011
1111010110100111100010100
1011100101011101110100010
0000101011111111001101001
1000010101010101101110000
1111110010111000010110101
0110011011010010101010100
0111010010110010100100010
0010111001110101101101111
1110010100001000000111110
1011000110011100111110101
1001011101100010001101101
1100000101010101011001001
0001100100110101000110100
0001010101011011100100100
0000001010100001111000111
1000111110101001101100110
1110011101110011101010010
0101110111101110010101101
1100000101010000000011001
0001110010010000101001100
1111110001000001111001011
0011010101000111010110000
1000010010111011011110000
0110110101101011001010110
1110000101111010101110100
1101101011001110110011011
1100010001101010011001100
0100110000111100110101000
1000101100001111110101011
0001011010010101000100111
0011001000111100001010001
0110110100111101110110000
1111011111100100010100100
0100011101101011100111001
1011110011001100111110000
0101001101001011110110110
0001110000001101011111001
1111010110101111001010110
0111111011001101100111001
0011111100010001101000000
1000101011001111011000011
1000000010011000101100010
0011110101111100001111001
0100010110000110001111110
1001111001011001111001011
1011101010100110010111110
1000110010000000010101110
1110110000011110010010010
1111011001100010001110100
1001100110100000001111001
1011101010001110101110011
0011000011011111111001011
0010101110110111011011001
1000110010001100100010111
1110110000111110111011101
0101101000101011110001011
0000110110001101001010000
1110000011011101010111101
1101111001011000001001000
0100100000010111001110000
1000111100110001010111111
1011010000011000001001000
0011010001111000001100010
1111111000111110010011101
1001111101011110001101111
1000011100111001111000111
0111111111101011011100010
0110011101111100000011001
1101000111010110100110101
1010000010111001111111001
1101010000001010000011110
1101000110001100100101001
0000111001111110110111011
0011111000001010100001010
1100100100100110011000001
1010111111010101110010100
1100111100111010101110100
0101111010111011011110110
0001010101111100111010100
0000101011101000110100001
0111100101011111101111110
1010001001011010111010011
0001000000001100110110101
0110110000110110011110011
0111100101101011110100011
0011110111000110011111010
0101010010110010010110101
1100010000100010110100110
1000010110010100101101010
0000111000000111100111000
0100110000100101101000111
1010101110011011001000111
0100110111101001100000101
0101001101011100110010001
1100001111100111101001011
0101100011000010110000110
1100010110100001000011001
1010011110101010111011000
0000101011100100011111111
1010000100111001000001100
0001100101010000111111111
0001000000010100111100110
0101010001110111110100100
1101001010110001111111110
0011100010001001110000110
0011110011001000001010011
1000000010110000101000011
0011101000011001000101000
0001001010101011110000001
0001110000011100010111101
0000010011000101001011011
0100111100000110001010111
0001000011100010111111100
0111101010110001001100011
0101111000000010010010100
1010101000000110100001000
1011100111101100011111011
1010110100110101010000101
0100100111111110111101111
1110100100010101111111011
1101011001101010111111110
0101010111010101011011111
1101100001100000001000001
0110110001000110000101000
0001011011010000100001000
0100001010100000011000100
1101000110010011100101110
1010100111111011110111100
0111101011011110110101011
0000110010100001000001010
1001011011011111110110010
1101101111011110101110001
1100011100100111001101100
0010111011001010110111001
0110101110111111011110001
1011011011001010101010000
0000000010111101101000101
0111000000010111000001100
0000011010110010100110001
0001010101011000011100110
1000001010001000100001111
1010010110100111001110001
1110001100001100101101011
1111111010011001011101001
0100011110011101010001011
0111101110001100110000110
1011100000000001111011101
0011110100010001111000110
1011010111011111100100101
1011010101111001110101000
1111001110000010011111010
0110111110100100111001001
1100011110110010101111100
1101001110110011010011101
1000101011100000110000100
0110100000000100010001011
1100111010110000000100010
0000101111101010001100101
0001000001111101001010100
1000110110000001001000001
1000111010010010000100010
1111101111101000011100011
0100111000101000111010110
1000110011010101011011100
0010010101110000010111000
0110001011100011010110000
0001111101011001000100000
0001010000011011000100100
1010100100011001110110110
1110100100000000100010101
1011000000001111101111111
1101001000100110001110110
1100000000110011110000001
0101111001100111010101110
0101000101010101011101001
0100101110110111011001100
1010110001010100110110000
0110011010100010000000000
0000010110111110011110100
1011000000010000111101001
0101101011001111001101001
1011010010111010101001011
0001110110001011111110000
0000100110100111010100110
1010100101110011000011010
1111101110101100110010000
1101100010010000010111101
1101100100011101010011110
1100111001000100101010101
1111011100111011010100100
1011110010110100100100101
1100101001111100110011110
0011101111000000110100010
1111110000010011101000010
0001100000011001100100111
0001100101110110101101100
1111101111000111011000110
0011101000001000000010111
0110011010111011000010111
0111001101111000101111111
1110011001011101110111110
1110100011010100011010100
1111101010010000000001110
0001011111100011111010111
0001010101010001001100011
0011001110011100010100111
1101011100100111111100101
1000000010011111001011100
1100111001101101010101001
1100111111000010000100110
0011101010101010110000010
1110011101010011010000011
1100011010100110100100001
1001110100001101001101001
0101100100111001101100101
0101111101010010011001010
0001100000110011111010010
0111000011111011100111010
0001011101011101011001000
0010111011100000110000111
1111001111010110010110001
0011111110110001001101010
0000110100110100011001010
1011010101100101001000100
1011110111101101110101100
0010010000110100101000101
1000010010100010011001001
1011010001101110001100111
0111011111011001000100001
1101010000001010100001110
1001010100000010011100110
1001000100000100110100111
0111000101101110001011100
1101011000110001000011100
1101100100011110011000011
1010001010110100101001011
1101000111010101100110101
0000000011000101100111101
0011001011101010101110111
1011001101000111010011111
0000001111011001110111000
1110101010100001110000010
0100001001001101100010011
1001110111101110000011010
0010110000110011110100000
1010100110011110100110001
0011111010100101110010011
0000000000111110010100100
1011001111110001010100000
1111010011000011011010111
1110001111111101110101111
0100010000111110111110000
1000001110100111010010001
0100000100010010000001110
0111011111101001001010101
0001100001110101001110101
1001011111000000011011111
1011100010001010111011000
1010011111000110011011100
1011111010100001000100111
1111011111101111010100110
1000100000000010100110011
0110010110111100000100101
0101000101001000011011011
0100000111010110110000110
0001110000101010111000100
0001001110110001101011101
0100000011000100111001101
1000111100010111110111010
1011011010010011100101111
0101010011010010010001001
1011000110000111100100000
1001001100100101111100100
0110000111111100110000000
0000110111001100111100001
1010000011001101001000010
0111100010000101111001000
0100110111011010111110101
0111010000111001000001001
0110001010101010101101000
1000001101111111001001110
0010011110100101111110111
1000111111101111100010110
0101110101111101110001010
1110001010100011100010010
1110001000011111001110010
1111101000001011110111011
0000000010111100100011101
1110000000000000000011110
1001101000000101101001010
1011001111110100010001000
1000101110001100011011011
1110111100010110111100010
0010100000100011110101101
1010001100001110110100010
0010000000010001011101001
0101101111011101000001001
0001101011000011101111100
0010111000000100111000000
0001111100110111000100001
0100010011101100101110101
0001111100000100101100011
0101101000001001010110010
0010111110010101101010001
0110110000100100111100001
1110100101101010011000111
1000101010100001010100101
0111001101000101000110010
1001001000110111111000010
0110101000111010001000100
0111010000101101111100101
0011011010000111001011111
1111000011110001000001001
0011101100010010011001110
1110100011100111100111110
0100000110010010010010111
1011001110100100111110101
1010111101010101111000111
0011001110111110000101101
1011110000011011000011111
1101001101111101010010100
0111010001000001001000011
1010000100001100100011111
1010000111001110110101011
1011011000010000001011110
1110001100111000110001011
0100110001000000011101110
0000001010010000111011100
0111000000011001011111000
0001010010111101101111010
1101010111011000111011010
1100000001100011111011000
0011011111100100010110011
1001010011001010000110110
1011011111010011100001110
1001101101100111011111011
0000110011101010010011010
1100011001111111011110011
0011100000000100010011000
0011011110110101001111100
1101011101100101111011110
0001011100011111101001111
0000100000010001111100101
0111010010001000110110101
0000110001000111001001011
0100011001001010000100101
1101001000100100110010110
0010100010000011111101010
0011111000110000011000010
0000100101111010000101111
1000110110111110010011000
1000001010010110110111101
0010101100011001100100100
1010010101010100011001010
0011000100111111110010100
1101100000000110111100101
0010100000011010111001101
1010001110010100100010100
1010110110010110010101100
0010111000000010010001101
0101110100100010011110101
1101110100001100100011001
0001011011010101010101101
0010100010001111101000111
1101001000100000100101010
0100000101000000100011010
0001101010101011100101101
1011100000011101111100001
1001111100001011110010101
0111110100010110110000110
1001001110001100110100011
0101111111111011001101101
1000011110010011101101110
1111011111011111010010011
1001010100011100001111100
0111001000010001101111011
0100111111010110000000111
1111110010001111001111001
1100111000011101000101100
0110000101010111111001111
1100100001101000011010001
0111000010101110010101001
1100010101000101100000101
1101101000000011100100110
1000101000111001101110101
0001100100111010100010110
0010110100100100011110111
1110101110010101111011010
1000110011110111001110111
1110100111000100111101101
0110000010010000000001110
1010000011100110100000110
0110100001001101111000001
0100001000011110001001011
1010011010101011111000101
0010111010101000011010100
0011100001111101110110111
1000010010011100100101100
1010000110100001000011101
1110011000010100100110011
1000111000111000111100110
1111101000011111100100101
1101110101000100100101001
1010100000001010010111011
0000011110000111101010101
0100111011110011010001001
0110000010110000110010110
1111111110110101101111111
1011000001100100011101100
1000001111000011110111010
1001001001110010101000100
0010000110010001100001000
1111001000010000111100011
1010010110010000101010011
0001001101111001110000100
0010000100010100010111001
1101011011110011011101010
0100001111101001101111101
0011111100110101100001111
1100011001001101011110111
1110000110010101110011100
1110100010111001101100100
1010011111000100111011000
0111010100101111100010011
1000110000111011100000011
0110001110110100101111111
1100100110011010110000110
1110110100011011100101111
0010101000010110001011101
1100110110011100111101011
0000100101101100110101010
1100001100110110100100011
1010000100001111000101000
1010011010100001000010100
1100100101111110101100111
1111011111011110110011011
0000000101001111101011010
1110100101010011110000111
1011110011011111000010110
0100001110101111001100101
1110010001000001001001011
0110000110010110101001100
0000001100100101111000011
1010001100001100010110111
0110111001101110100001111
0001101010101100000000110
0001010000011010001001011
1101001001011011011110110
1011000110000010100011000
1110001100100000000000101
1000111110010111011000001
0111110001000101001011011
0000100100001101000001001
0111100001100000000010101
0001000100010010111111101
0010010011111101010101000
0100001000101001101100001
0100100110011101111010011
0000110010000110101001000
0000000011010100000000110
1101101101001101000100110
0010110110101111110001011
0011100111001110011010110
0010001011100111100100011
0100001101110110101000011
0010111000000000010110101
0100010011101010010011000
0011001100011000110100011
0011011001111110010111101
1001101000001100010001110
0110010000001010001111010
1011000110011101101100100
1001101011101011010011010
0001000010101001010000111
0111010000110101101100100
0100001010110011111100100
1001000101000101110110001
0110111001101111110010000
1101011011000010000010101
0100101000011110000001111
1101101100011000110110001
0111010011000101111011001
0010010101111001001001111
1111011001000101111100100
1101110001100101001100001
1111011101101101110011001
1110001000100011010101010
0000010100111001000000001
1011010011000101100010010
1110110010000010010000100
0011010100100110001100100
1111011001000001110000111
1000010001111000100101001
0001100100101001111100011
0100110101000110101100100
1010011111001000011001111
0011111111100111111111110
0011110000111111110110011
0010101000101100101000010
1000110100111001111001000
0001100100110100010010100
0110111110010000111110111
1000000000101110100110110
1101110011111110101101010
1101001011101100100010001
1011100101100001010111100
0011100100100001111000000
1010001011010101111000101
1111010101111011000010011
1011100110010011101111110
1010100001001110111111111
0010101010000001100011011
0000011000101111101001011
1001101100111110010111011
0101010000101011111111101
1000010110001110100101011
1000111101100011111110100
1101101111101000100010010
1100111010101011010000001
0111010010000101011000100
1100111101011110001111011
0010011000000010000011100
0101011010110000000101100
1011101010101110011011101
0010100100000100011100000
0111110001110000110111111
0111111110010010011010110
1101000011010011101010100
0011010001000000110011010
1111111110111010100111110
0011001101110011000010011
1010111010111100001101101
0000110000001101001000100
1111000101001101100010000
1011011110110111101001110
1111101110110011111101111
1101011100000000110100100
0010000110101001100001100
0100011101101011100100100
1011000001100010111100101
1011110111110100101110100
0100100000110100001010000
1110010110111110111111001
0111100100110110101110001
1000101111010011101110000
1110100011110010110101111
1001001111011001011111000
1011100100110000000011110
0010101000001111101010000
1001110111010110011001101
0001110010000100110011101
0011010010101010011110110
1010010011001010101100100
0110111100110011000001010
0110110011100010101111000
0100100011100011111101100
0110000000100010100001100
0011101010001011100110101
1111100111100111011000001
0110001111001011010011001
0110011111010001101110000
0001010010010110001100011
0011100011110100000111100
0101011101011111101100101
0000100110011011011111110
1001101010010001100100010
0010011101000010011000000
0101100011100001000101000
0010110100010110100101110
1001101100111000110110100
0001011001011101100111111
0010000011011101111110000
0101001000100000110101101
0010001100110001011100000
1100101100111111011001111
0010101100101100111110101
1011001001010100100001000
1011010000010000010101011
0101101010111011100111011
0011111100010000110000011
1110111101010011000111101
1100010110100001111110010
0110001001001101010101110
0010101000000100011110110
0111111001101100001000111
0001110011100011110010101
1011111011000111000111101
0110110010100101010000111
0001011110110110101001110
1010001001101001001010010
0101101111111101101010001
0100110001001001100110101
1100111001001001010010010
0011110101111000101110110
1000111011101011011100101
0110111000010011110011101
0111111101100100000100011
1110110010110010010001011
0101001100001000111001101
0001111100011111100101010
0100010100111000100110001
0111010000101101000010001
1111101110011001000111011
1000001101010101001100011
0100010110111000111101001
0000110101001001111110000
0100111010100101001110010
1010100010111111110000111
0111000011000011000001010
0010000100000010101100011
1010100100101110100010000
0001111000101001111001010
1100110000000000000011101
1000011000010001000100110
0011100111100001110100101
1010010001111101001001111
0101101001000011000100010
0010011001010111000101001
1110000100010000011001110
1010010001100101111010110
0100010111000010000111000
1101011011011001111100011
1101110100011011000001100
0011110001000001010110100
1001111101100000011101001
1100110101000100001000111
1001011101001011100111010
0011110111000010000000000
0010001010000010101001100
0001001110000111000011110
1011000001000000100001110
0111011110100101000001100
0110110101111110010101100

Greedy Output:20
