25
1000
1101011010011010101101001
1011000100000011110100100
0010000011100011110011101
0110010110010000100100011
1110001111011001100100110
0111001101101110001100011
0100000110100000011011110
0110000110110100111001111
0111001100110010000111100
0100101101111111000010000
0110111010011011110111010
0010111100010011111000011
1110100111010000000110011
1100011110110100110100101
1010110001101100000010110
1010011111110000011100011
1010110110000101000111001
1100111000110011100011001
0101011110111001001001111
1011111110011111101100000
1011010111100001111100110
0110000011010010100110100
1000100010001101001000100
1110010101100100011101011
1000111010111010011001111
0010100100000011001101110
0011111110001011110100100
0011111011001101011010011
0010011011100111111100110
1000110000111101111110001
1011010000010011010110000
0000000101100110101111110
0100110111110111010111111
0110110101100111000101101
0101101111111110000001010
1000011101111001000001010
0001101100000011000111111
0011010110100111001001101
0100110100000111101100010
1001101101000111010001011
1011010110011010011110100
1101001110000000101011100
1001000011001011110011001
1000100010111001000101110
0101110111000000111111000
1000110000100011000000010
1101101100001001010110000
0001110000001001011110000
0101111011010011000010010
0100101011011001010100111
1000101100000111100000001
1100011001001010001010000
1111110110011000100000101
1010111011011111010011111
0101100101010000001111111
0001010010010001011101101
1101110100111011001110101
0000001001011001100111101
0001001111101010001101101
1001011111001110010100000
0000000001111110011011010
0011000100100010000001111
0110010110111111000100111
1011100010011001100100001
0111010110110001011101001
1010000001011101010101100
1111010100110101101010111
0111011011100100101010100
1111001111100100000010000
1010011010001100101011100
0111010001001100100100010
1110111000000000101010110
1000111000101000101000111
0001101101101011100100110
0101011011000100001101111
0111010010100001101110000
0100001110000110010010100
1111001101100010001110100
1110011001010001101000001
1001110110001001111011111
0110010100001111100100101
0110001001001100111001111
0111010111001100011100000
0100001101100100101000000
1111100000011000110011000
1110100001111001000011110
1010000101111011001010000
0011010110011010010000110
1111010001011100000001111
0101100110100110111111110
0001010111010001111110101
0000000101000111001010001
1001001011101111011101110
1101111010001100101101000
1100011101001010001101101
0100000100101101010100010
0010100110001100000111100
1000011011110101110110111
0010101011100100110001110
1000101011011100001010100
1111010001000011110011001
1000100010010010100001000
1011100000100101110111111
1111001100100110010011111
0011101111100010011011001
0001011010101011111100110
0111010010000000100010111
0101010011110011111011110
0111110110001010110110100
0001011001101010011011101
0111000100110111111011100
0010111011111111111110000
1010110111011100101010011
0011101001110001011001010
1100110101110100000000000
0101001010111011011011111
0111110110101000111000000
0001001100001110111010110
0010111100011110001100011
0001101100111000101010000
0011100111110101001111110
0011110111000110011000010
1100101011011000101100110
0100101000111110000011000
0100010000101100101100111
1000010010010001010011100
1000100100001011000011101
0110010110010001111000010
1000101100011110101111100
0011110110111001010101111
1001000000111011110010111
0000111010110111100101100
0111001101100001001111001
1110010101000111100001111
1101101100011100101100111
0001000101010000111001101
0011001100000010000010101
0010000110101111101101000
0001101101101110011101011
0111001111011000111101101
1100111010011111101011000
1001011110011010100000110
1101011110111011000011001
1011010001001000000101100
0010100011110010011000010
0000110011001110010101000
0010011010000001000110001
1100001001110111110101001
0100110011011011101100001
0010011010100111010011010
0000001010111000011111000
0011000111010100010110011
0001100010001001110000110
0100111100111100111010000
1101111010010001011110000
0000010011110100010111111
0110011010000101010001001
1001001010011000001100101
1110100111100001001001100
0001100101101111100011000
0100101100100100101100101
0101000010010001110101110
0010001010011100101001010
0101111011000100000100100
0110110110001111000111111
1100100011011011011111111
1111110101111000101110110
0001011001110000011110011
0111010101110110101101101
0011100101001010100001001
0110001111000010011001111
0111011010000000101101100
0011010100000111010101001
0001000001000100011101011
1000001011010100111100111
1010101001000101000001110
0100111000000101100011000
0101000111111001011000001
1110101111011111011001011
1010100111001001110010110
1101110010111110100011100
0001111100000110111111101
1100100101001010111101100
0100100011011011110000110
0111110011010111010100110
1100111111111101011110000
0010010101011101010100101
1100000001110000000000111
1100010010001100011101011
1010010111111100011010000
0010010010101011011001111
0010111101010011111001101
1011101111101101111111000
0100001010011100110110100
1100101111110100100000000
0001011110100110001110111
0011010101100001001000010
1100011010110101011010010
1110111010011001111110111
0010101011010000011100111
1110100110110100111010000
1010001011000101110111110
0111011110001001101011000
0101101111110010100010101
0111001011110000010110111
1110110111101101100110100
0010111001001000011100111
0110011101110011110011101
1011001101001110110100000
0011100100110001110000110
0110111100010101011000011
1011001100101110100111010
1001011010100101111011000
0010000011010010110000010
0111111101001001110111001
0011101101110110101001100
1110000100001000010010100
1100011001000100001111011
1011000001101000000111100
1111100000100011011100101
1100110110000111111100110
1101010111001101011101100
1111010100000111000110110
1111100110001011101011111
1100000000011100111101100
0110001111001111000111000
1000000100010001111000001
0001000011111011110010011
1110000001000110001001000
1101001001010010100001010
1001100100110011011100011
0010001110010100000001111
0111010010010000101110011
0011110101110011010001101
1111001100100101011110010
0100000010111101010100000
1000110011101011110011101
0110110001101010000101011
0010011010110010011100000
1101110110011011001100010
1101110000111101001101110
0010101001100011000011001
1100001110011010110100110
0001010011101010101000100
0100011000011000110001111
1110111100000110110110101
0001011110101100111010000
0100000100001100111001001
1101010100111111101011110
1111010001001110101110001
1011010111000010111111100
1101010110010101000101101
0011000010000110011110100
0010111110010001101100000
0001101000010010000000001
0000111001111000110101101
0010001100000101010011101
1100110001011010010110110
0110001010001111111101010
0011010010101010011001101
0010101111111001100000011
1100111111001111100000001
0110101000010110111001100
0011110110000011011101000
0000010011111011001001010
1010110100011100001110000
0111011000010100110001100
1101010010000111101001010
1100111010101000001110001
1000101010011111001100110
1000100100111010010101010
1001011111000100111110001
0000111000011000001100100
1110110000101011111100110
1111110100101100000111001
1001011110101101001010111
0010010011010001100001110
0011111011111001110010010
1000011110010111011111010
0010011010001101011000101
0001101011100100111110000
1000001101111001101110111
1011010101010001101111011
1011110111100001000101111
0000110101100011011010011
0011011100001010011101111
0000001010110011100011010
1000000011000110101000111
0000001001100100010010010
1001000101100010001000100
0001100101011000101010011
0100111010011111111011110
0011000001110111000110001
1110101010111111001110111
0101000010001000000010001
1010011000111011000000000
1110000101101000110010001
1100100100101110001111101
1111011001100001000010001
0000111001001010110111001
0101010010001001001110011
0110011001000011100101111
0110110001100000010110000
0001011010001110000011011
0110001010101101011001000
1100110101001110100011100
0111010011101000110110111
1001110110010111011110001
1011010000110111111000000
1111011110011110111001110
0001011000011101000101001
0001100111001110110011011
0000011010001010111101000
1110110110010101110111110
1111000000101011111100010
0011000101110110111101111
1010011000111110010111000
0111110100000111101000000
1101011001110000100101101
0000001100000011011000111
0001000100100000101101000
1111100110100011111111010
1001100111011100000101011
0010110010100111011110100
1111110111000001111000000
0011100000011001110110101
1111101110100000001110101
0100100011000001011001000
0101110011011110011010001
0101100111101100011001010
1001100010101101011001001
0101001101100010111000001
1100010110011110001100010
1000110111101011101101100
0111110100010111000001111
0011101011010000100100100
0111011111100011000100000
0110010010011101100100001
0110101110001110010101101
0001110110111111111001100
0001111100011110111010011
1111101101000101001001110
0110101100111000100000111
1111101011001000010000111
1111011111110011010111010
0010101111110110111111000
0100010001000111111101000
1111110000101100000010110
0101001101000100100011100
0101000000111100001001001
0110111110001100101101000
0010001011000110010111010
0001001110111000001010110
0010101111100111111001111
1000000100111011000100111
1101001001011111101110000
0110000000111011000111101
0100110011000100011000001
1000000111010011110110110
1100010100100001000001010
0011010011110111101001100
0010011110100101001001000
0001100011110110100100011
1110100110000000101110100
1000101010110001110101111
1001101001001010001000010
1001111110100000001011010
1100110010110111101101111
0011101010100001110000100
1000000000110111100010111
1100010110000100110001101
1111010001110001000010001
0100111010000110000110111
1110010110100100001100001
0101000101000010111001011
1001000010011000101010101
0110100101010000000010010
1100110111000011101110100
0010000010011101101111000
1111000111011110110101110
0000001101011111101100100
1111101100111011110101110
0100110110110010101011100
0000010100011001000001000
1101101010001000111101110
1010101010010110000011100
1100101110100000011100111
1101110001001000111010010
1101000101000000010111001
0011000000000100110011101
0000000111011100111110010
1010011100100111110000000
0000001110000011000000110
1111001010010011100011100
0010000101101101011100011
0001010000101101110101000
1101110000101100100001000
1000001110011001111010011
0011100101000011010110000
0000110000111101110011011
0100111010001111001001001
0101111100011100001001000
1101101100100001111011100
1110001000110100000001111
0100101100010111101011001
0001111110110010100101010
0010110000001011101010111
1010110000011001010000110
1111000001100011100101011
1111111101001111011101001
0111001001011100000000111
0110111101010010110111001
0001111101001100010100110
0100001010111111110101000
0011100100000010110011101
0111101000001011011011011
1010001010111010001111110
0011000010000001000101001
1110100000000010000111011
1001111100001100110000000
1110001100100100001000100
0010110010111110100111001
0101111101011011100000010
1100100001001100100001111
0110111001111000000110000
0100001001110011011000001
0011011101110111001100010
1110001000011111010000101
1110000011000100101000010
0001010001011011101110110
1110101111110110110000100
1010011011110011011011001
0100110111110110111010100
1101101000001010100001001
0110111101000001010001000
1010011101010101101101011
1111011110000010111101000
0000100100011011010010001
0101100010101001000100111
0110101010110111000100111
0101010001001001000001001
0001100011011001101001000
0000001001010001110011010
0001010101001011010101011
0101110011111101111110000
1011110110010001010101111
1111101001011110001101010
0000011101100110100111100
0011011100000111001101110
1111101100111001001010110
1010000001011100110000011
0101001111110110000010101
1010100100100011010000100
0000100010100100000100100
0110101001001101001110100
1111010100000010101110101
1100111011010001001100011
1010111111010101110010100
1011111101001001001000100
1011110010000011001101100
0010110101010010010010110
0100101101110010010010000
1111000111001100000010001
1011100000101010101000001
1101110100101110101111101
1110100111001101100111011
0000101100000111000001101
0110101011001000000111001
1110011100010000111011110
1011111101011110010110001
0111011010110111111111001
1111000101101011001110101
1101110001100100011100110
1011101100101110010100010
1100110001110000011101101
0110000101001010000001101
0101010011001101100110011
1111101101010110100100011
0001100100000000011000110
1010100000011011011110011
0101101100110110011110011
1010010011110011111101101
1000101110111100000001011
1100011100010010110000101
1000010111111101011110010
0110100001111110000111100
1111101000011111011111110
0000110110111000110110000
0011111001100000101101001
1011110100110011000101101
0100101010111111100100111
0010000101110001110101001
1101101111101001110101111
0010111101001001101001101
1110101000100110011101011
0101100100110101111100110
0000001111000100101001111
1111001101011010001111010
1101000011101001000100010
1101101110000000010101110
1000111110110110100110010
1100111011100010010111101
1010011110111010101011100
0010111011001101111101011
1000101110111101100110011
0000110111101010110111111
1001101001100000000011000
0111111000110001111000111
1100000100101100110010010
1111110100111010100111100
0000111001011101100101110
0011000001010010000000101
0010110001011101111100101
0110101111001110100011001
0111010111111010101100101
0010111011101110100010010
0011010111101101110001011
0010000010001100111101111
0001101100010000100110101
0000110100111000011101010
1111001111010000101011011
0110001010011001111001110
1010011011011100010110101
1110101111111101001100000
1011110110100111001010111
0110100010010000010001010
1100000000101101111000100
0011001110001000011010001
1111001111000100100100001
1011011000001110010100111
1010101001101010010000001
0000111111011110110111011
1110000111001111111001100
0001110001000000001101111
1100100101000111011011011
1010110111101100110011101
1011110011010110111000010
0010111011101000001110101
1111110011110111111010011
0011000011101000010001101
0001011111001010010101000
0000101000001000000101001
0101100001011010100101001
0101001010101111011100111
0100001100000100010110001
0000001111010110100001101
1100001011000110101110111
1000100001010111100111100
1110011000100001000011111
1100100000011101101100001
0110001011000011111100011
0010011000101001110100111
0101001011001101111111110
0111011100111111001110011
0000011100000011000000001
0111010111010101011001011
1001001100001110111111000
1011001110110011001001000
0001100101100000001110110
1101101011101111011010100
1111110100110000010001101
0110010001111111000110010
0110111011010001110110010
0001000010100101000100010
1010100000111000000001011
1101010110010010011011101
1100001111111001011111001
0011011110101100101000101
1001011010101100101001110
0100000011110110110100110
0100001111101111010001010
0101101010101000000101000
1011110111111010000101010
0110100000000000101110001
1001100000100100110111000
0101000111010001101000101
1010001101001101110101010
1101001111101000011101010
0111011011000001101010000
0000011001110111100100000
1000010110011010111101010
0111010101010010111100001
0111100011111101011110100
1000011111010011001011100
1011000100001110011111100
0110100010100111110000000
0101111001101010000011100
1111110011101110101001010
1110101011011111100010110
1101010111011001100100111
1000100001011100011101011
1011101100101001101000110
1000110011111010001000010
1110011110000011111111110
1110001010011010100010011
1011000001001111010100101
0011001000101011011001010
0010011110001000110011111
1110110001110111110101111
1101101000100110011011010
1111100001001101011111011
1110011001111000101000101
0111000001001011110101000
1100110111101010110010101
0010011011000000000110010
1101000111011110111111000
0110100011000001010111101
0011000010111010100110000
1101101101000000110011010
1101100010100011000001010
1010000000011110000001110
1101110110110101011110001
1111011110001100011000100
1110111110011011000110011
1000000000100010001011111
1010111111111100001101101
1001010100001001111001000
1010100000011000110111101
0101100001011100011010010
1101010011101010010011100
0100110000011001100001011
1010111001001110011010011
0000011111011110000110011
1000111001110001001001001
1100110011110001001111101
0010001011001101110101100
1000011100001010101011011
0111011110100101101110010
1100001010101100100110010
1011101011010110000010110
1110000110000110100110000
0110111000000000011101001
0010100010010101111110111
0101110100101001101000111
1011100000111110101011000
1010100001001010001001000
1100101011100011011101101
0100000100011000001111001
1110110011111011001101101
1110000000101010010100100
1111100000010101000001001
1001000011111000100000111
0101000110000011101111110
0101111011000010010011101
0001100100111110110101101
1000001000011001001100001
1100000000111111101000111
1111111111100010000011101
0110000000100010111001110
0101111011111010110101000
0111011100111011010100110
0000010001000110010110001
0000101000111100000111010
0010101000001110110001101
0101001110011010111110110
0110110011100101100110011
1100101000110110000110100
0000101000101100011000111
0000110000001011001100010
1010000111101010000100100
1010100000011010010010001
0001111010000101111100011
1101011000100110001111100
0000100101000100101010011
1011111111010101010010111
1011001111101010001010110
0000011111100111101101000
1001110001110100010010111
1001011101101000100101110
1100111101001111110111110
1101011000100000001101010
0000111111101110100011001
1101101110001101010000011
1000110011111000111101001
0011001111011010010101000
0110010100001001101011100
0011010010000100010001110
0001110000110000101101011
1010110110001000010001000
1000110010100010111101010
1100100101000011101001111
1010111100010001011101011
0010101001111111100001110
0110011010111010011101001
0001111001010110010001011
0110111101000000111100001
0111101100101011100101110
1001000100001111001100110
1010010111101001110010011
0011011100110000110101001
0100001101101100000110010
1101101110101110011010101
0001010000101001100001010
0111101110111011000101001
0100111001010000111111011
1111010101100000001111010
1101011101011111001101010
0011111100100111010101001
1010001001111100111100000
1001110011011001101011000
0111101010000001101001101
0010010000110101111001111
1100110100111100100011011
1001000000011101001101100
1111000110110000110011110
0000101010111001111001101
0111001011000111000010100
1000110101010001110101111
1011010001110110010101010
0110001111111011101101100
0100000100000000110110001
0100000000111101111110110
0011111001000010001101100
0011100010101110010110101
1000101111011011111111100
0100100111110101100000011
1100100000111010010110001
1101010000110001000110111
1101010001000100111010100
1101000110001000100000110
0100001001111011010100001
0001110101110101011110111
1100111101111100111111010
1001110101100001011001100
0011101101100110000001010
0001111100010010110000000
0001111110010110011101101
1010101010001000000111100
1010011010001111000110011
1001010100101110011001110
1000011000110011100100101
0000101100100100011101010
1000000100100111000010111
1001100111010100100001000
1100111111110010011110110
1001100011001111001101111
1001101001000101011000010
1110011010111001111110011
1100111011001000110000101
0111111001110010001010000
1001001011001101000101011
0010111110100100100001100
0110100100011101010011100
1000100011100110010100110
0101011111011011000010110
1001101011101001100000001
1000111101010101011000001
1111100111110101001110111
1000001100110110011001111
0100000001100100001111010
1000101000101011000111001
1011110010010110110001001
1010110011110101101110011
0000100010100000010101001
1001101111100011011000011
0110110111100000110100100
0101010010001110100011010
0011011001100110000010011
0011011011111010110011000
1100011101000100101000111
0000001000100110011010101
0110011111011001110001011
0000010000010010011010101
1101111100011010010011000
0000100001111010101010001
1000100011110010011010010
0110110111101101000001011
1001111110111011010101010
1100110011000000101001001
0001011001111011001011111
1111011000110101101011110
1101110110001000110001110
0101010001011011001110110
1001110110100011010000110
0101110100011110111111011
0010011011010111000010100
1101100011001110100011010
0110000011001110100000101
0101100111110110101000110
1110000000011101000011111
1100010111101011110110111
1011111011101110110010010
0101001010100010100110100
0001001011001001101001101
1110100001010011101001000
1111010110010101011100101
0010010001110010001001011
0101001010010101011101110
0100110001111101011111111
0100001101010101001010101
0100010100000111010101010
1110111000100000000000111
0011110111111100000001010
1101011100011100010101010
1001110110101011000000100
1011010100101001100110001
0111001111010100101001110
1110110111010001101110101
0001001110010101101101001
0110110010000010100000111
0101011110111111000010111
1011111001100010101110100
0000110000101100111000001
0100000100110011110110101
1101011000101111001100111
0111101101100111110001110
0100111100100000010011100
0001110101011001000110010
1100111101100010011000110
1011110010110011000011001
1001000101000001100101001
0100011100110101101110000
0100111111011001100001110
0000000110001010110100001
0101010101101100111000000
1101011011001100000100101
1010110011100001011001111
1111010010010110110001010
1010011101000001001011011
1100101111011110001101000
0010101110001100100001011
1110011010100111011101110
0110100111100001001111010
1000000000110101101001111
1000110100010000100100001
1000001001100011111011101
1101110001100001011011110
0000000110010100011000011
1110011000111010001101100
1101110001011110001111110
1000001010001100110111101
1011010011100000100101001
1101110100101010100110111
1011001010001001001010100
1101001000100110010001101
1010010000100101000010111
1110110001011011110000010
1111110011001001001001111
0010011100000101001011101
1000001111001001000111111
0001010100011010110010100
1110010101101111010001111
1100110101100001010110111
1111010111010101111000000
1000111100100011101100111
1111100100000111011110110
1110100011001111001101000
1001100011111001010110000
0000101100001101001101000
1110110010111100101100011
1100000100010000100001111
0110000111010111001001000
0100001001110010101010100
0111111011010111101100011
1001110111000111110011010
1110000000011110100001001
0010111100011010010110001
1101101111111011101000001
0110111001111011001001111
1111111010010110011011001
0001000100010011100000111
0000101101011011011111101
0011000101010110010001100
1010100101110001000010100
1010001111001010001110110
0111111001101001010000000
1000101111011010000100010
0010010000101100101010100
0101100001111100000110101
0111101100111011001110010
0000100000000101101100111
1000111011111101001100101
1000100101101001111111011
0001100001110000101000100
0101100001110000100110110
1000110111111011111111101
0001011111110110101101011
1011010100010100011111110
1100110111010000010011100
0111011000001110111111100
0111110111101110101000101
0001110011001010001100100
1100001110111001011111000
1011000001011011110100110
1110100011110011101111011
0001111100010111010010000
0000010000101101110100001
0001110010001011001110110
1111001010011000001001011
0110011001111101011011010
0111101011010111001110010
1001000110111110110110010
0000010100111001111111101
1101001011110001111111000
1000100001000101110100011
1000111010110111111011000
0111011110101011000001001
1100100111000011101100110
0010101010101111101100110
1011110100111111000111110
0110101111011111101000001
0110011110101010000101111
1000110110001001110101111
0100011010010000000011001
0001001110010000101000110
1011000111101111000011111
1001010111000011101101111
1101111000001001100111101
0011100001101000000011010
1100111001011010100110001
0011110010100010110111110
0001011101011101110101001
1001010111111110111010001
1001000111001011110011100
1100011001110110111111101
1011011101101100010100100
1011000000100010100101111
1001100010111100011000010
0110010110101101010100101
0010101111011100011110011
1010000001000100111111101
0010111011010010110001101
1101001100000000011111110
1101100101100000101111100
1000010000001110111011100
1000111011000011110000000
1101011011100111011011000
0110110001111000110000011
0000111000110011000001110
1101010000100100001010001
1111011111001010011100010
1011101101101101100100101
1111000110010101010111100
1001110110100001101010100
0001000000010100001111110
1011110011111011101010011
1010100001110110111001000
1110001110000001101010001
0000110110000100000100100
0100011010011000000101000
1011101110001111110100001
0111001010111001100110010
0000110111111000110010111
1111111011101001100101000
0100000011000011110100000
0010101001001000001111111
0110011011100100111010001
0011111000110111101000011
0111010010110100100110010
0100101111111010110100101
1010101000110001100101001
1001011110000000100010000
1001100010010001011001001
1001110001101011000101000
1010100111110111100101111
1000101001000001100110011
0001111100110010110100001
1110010000001001011000110
1000110010100000010101011
1101111101001010010110111
1001011011001111100101011
1010010110101100101100101
0101010000000000101001000
1010001000111101101100011
0100111101110000001110000
0010110100001110010110100
1000001111101110110000010
1001111011111001001100010
1001110000010111011001100
1011011011011111100101110
1101101000000111001110100
1000110011111010001001001
0110100100000100110010110
0111001110111000101110000
1001111100000111010100111
1100011010011011001011110
1100101011111110011100110
1000000100001011001000101
0101110010011111111100100
0100000011100110000010100
1101110000010010011101100
0001010001010011111011001
0010000001100100101000100
1101110101100111011010000
1001010001110100110110100
0011011111000011101100000
0000101101101110000101100
0011110111010111001101101
0101010000001000111110110
0101010010100001011010110
0000011000010001101111001
1101010111001101101010111
0100110000110010011100111
0110001011000101000100001
0000001010110110101000000
0001110011111011011101001
0010010100000010001101111
0111001100111001111000110
1111000111111000101001001
1100011101011010000011001

Greedy Output:19
