25
1000
1010010001010000010101100
1101010011100100111001011
1001101110010100000101010
1101000111101110111101101
1101001001011011100101110
0110010110110110010110100
0011001100010100101101001
1101011010001111100010100
1010010111110110100100010
1001101101100100011111101
0100110100111110000100010
0000000010110001100000101
1000000100011101111101110
1101101000100011111010111
1111101110101110000111100
0101100110111101110111111
1101010000101111111010011
1101010011000000000101101
1100100000110101100000010
0111001100001010110110100
0101111011001100011100111
0001100101001111100011111
1111101001110000011101110
1101100111001000100111010
1011000111111000101001101
1011101101000011001100011
0001100000011010111010010
1000011111001001111111111
0111100010111100011111101
0000010011110010110110010
1101100100011010101011011
1100101100100000011100100
0010100001110111100101100
1111001111000100001100111
1000111000001100001111010
0100100111001101110101100
0100100010000000010010011
1101110001111111100000111
0110011111100101010000000
1011111110110000011100111
1101011000100101110000101
0100110101000010111001010
0001011110111101111100011
0011110011111110011101100
0011110010110011100111110
0001100010010010101000001
1001001110010001101010010
1100011001111110011101011
0011111000100101011000011
1111111101111111100111011
1001001110010100011010001
0010010001101101110010111
1000000110100010111100010
1011001101010100000011000
0001111001011110110110001
1001111100111011101001110
0100100001101001000000101
0000011000010111001001001
0010101001110001011000101
1101010101001110011000100
1010110100011001110001110
0101000000000010101100110
0100111011001011101111100
0101100111011110101101001
0000111111000000101011101
1101010011001001100011110
1000110000011010001110101
1100000101010011101011011
1101100011010101001110110
1010100000100010000110100
0100000101101101000011100
1101110110011101111111100
0111010100000010010110110
0010001100101001000010101
1100000000111100000010111
1110010011001010111000111
0010111001001011011110110
0001001101100010010000001
0000100011111100011010111
1100010010010010011010111
1010001110010000011111110
0000100010101111001011001
1111101111010001000101001
1011011101001101000100011
0100011011101000000000000
1011101011111110111110011
1010111010101110111111100
0111100000111110111001100
1100110101100110100000100
0110010110001011001000110
1100110001110000100111100
0011001100001001000001101
0010110011100010101110111
1101101000100100100000000
0101010110101100101011110
1110100111101101111010001
0010101011011000111010111
1101100110011011010000011
0000011000011000010001010
0011001111111000110000110
0011111011011110100011110
0100010100100101010011001
0001000010101100010001011
0011101001110101011010110
1011101001011100110110010
1000110101111110011110010
0101010111011011111000000
1100001010111000000010010
0100000100100110100010000
0011101111110111100100011
0111011000011111110010100
0110100010010010110001100
0100101000111010001010010
1101110111000110011011110
1010100001100000000010011
1100011010000111000110011
0010100110110110011001101
1101011101001101101101001
0101101011000000101010000
1010000010001110001000011
0110000101101000000111011
1000011001011011111011001
0001001111101100010011011
0100101110100100010001110
1000111101110001001010110
1011010101011000000001000
1010010010100001100010000
1000101101100001000100111
1111001101001110010011101
0101001010111110000001010
0011001101100011101011110
0100011100010101011101100
1111110000110010100110001
0111100010100100000010110
1000110110100110000011111
0011010010101000101101101
0110011101111111111111010
0001001001010001000001000
1101111000001001110010110
0100101010101110001101001
0110000101000010111111001
0001101001001110111010100
1100110110000011001000011
1100001011100101011011100
1111011001010001110000011
0111111011000010001100100
0101111101000111001100111
0110111010111101011001000
0100001110011010000010100
1101001100110111101001010
1110001110100101001101111
1100110000101101000100000
0001110110111101001111000
1100101011100100111001000
0110101011010111010000111
1110101101011111101001111
1001001010111011111110000
1111100101111111001111011
1110011000111010111110000
1010010001000001100100110
0011110000011101110100101
1000100010010001010111101
1111101101101101111010111
1001111101001110011010101
0001000001100111011111001
0000011000000101001001001
1011110110100101100110000
1111011010110101010001111
0110010010101111000010100
0111101000111100110101101
1000101001000001101010101
0011100101100001000000100
0011001001001110110000001
1111111011111100001110111
1011111101000101010001001
0010010110110110011001001
0101111101011000010100000
0010100111001110110011011
0011110111111101100111110
0001101101110100011000010
0110000100000111011110111
0101101110110110101010111
0111100010100100011000001
0110011100111001011000011
0001100101000000011000111
0011110111000110001111101
1111010010000011010110111
0010100001101101110110101
0011110110111001101110010
1010011000010001111101011
0001110101011100011010101
0111110000011101011110000
1111011100000010100110101
0001011100100010011001101
1101001100110000011010000
1100010001110101101001011
0110101010100001011010100
0010101101110101010100101
0000110010000000011001100
0101000010110110100000000
1101110001111110001100011
0000111011000010001100000
1110010100100011110010101
1100011110110010111010110
1000110000110100101110010
1110011000100101010111100
1000110001100010110100110
1010011010000001011110110
0101110010100000101010010
1101100111011010110100111
0100010001110011001111100
0010110110100100110011110
1111000001000011110000100
0110111010011111010010001
1001010111001001001010101
1111001101100001111010001
1010011110110010010010110
0110011110000100011000111
0111100010010010000010110
0011110101110000110111111
1000110001111111010101100
0110110101110001101000000
1011011011001111010010000
1111010011001010111000110
0100000110000101001000001
0100001010011000011011001
0100101110001001001110101
0100001001001110101010000
0111111011100101100110101
1101100100101000110001011
0011010111010011101101111
1010100010001000110010111
0100101000101011101001110
0101110110001100111001110
0101101011101110111101001
0100100011100111110000101
0110000010000100111011000
0000101110101100001111001
1001100010100110100111100
1110001011110100010100110
1011111110001010001001000
1011011011111001011101110
1001100011101011000000111
0101101000001010100111111
1100100101010111111011111
0111001011011110101000110
1000101011000100000010010
1000100101000001111010111
1000000010111010001001111
1011101100101001101000100
0101001111111111000001000
0100100001011111011000101
0111110101001000101111111
0110110101111000010100011
0100111000110010011101000
1111111011011100000011100
0111101001100011000010011
0100100110110110110010000
1100000101111111010001010
1101101001111111000101011
0011011110000010100101100
0110011110111001010111110
0111100110001001011111100
1011110010011110100000100
1100001011000110010101111
1111010000001011000100011
0110110010010010110100011
0100000101010100110011101
1001010101100111011100011
1010110001101000101001111
0001000101111110001100100
1101001100010000110000100
0010010110000100100010101
1010101101110000011011110
1110101100100010001101110
0010110011101111011000011
0011010100111101100000100
1011101010111111111001100
0111000001111111010101101
0110001110110100111010010
1101011001001101010110001
0001111110011001010111101
0000110101001110011001000
1111101111000000101110111
0011000010111100011001011
0101111100000010100010011
0001000000110100100100111
0011011110001000100100001
0010110011111101100001101
0000110001111100100001101
1001111010111001101111110
1011001011101101011111010
1001011001100011011100101
1110111001110100101000000
0010101101011000101000100
0100100100100110010011010
0100111000101101000111101
0100010000001110000110011
0001000100110110100000110
1001010000001100000110101
0110011010011010000000110
0000001001011010010101011
0010110001011000101001001
0110100011000101001101111
1110001001111100011011110
1010000000001110100100001
0010010111010000110101000
0001000010011011001000110
0101001111000001001011100
0000101110010010010100101
0101110101111010010100010
1100111101001111100001011
0001010010010000011101000
1010111000001011101011101
1001110100101011001010110
1100100111001011000010000
0111000010101101000110100
0110111101101110011011010
0011110001110001110111111
0100101110011010101000011
1110100100101010000010010
0101010110111100000110000
0101011100100111110000000
0100011101100001101111101
0111011000000001000111111
1100111001000111000101000
0000101110010111010101110
0010010001010101010101000
1011000101101111111111010
1110111111011111101111110
1011011000111011000111000
0101011000111111000001111
0111001111001001110011110
0101100100001110011000000
0100110111111111111110000
0100101111100000100011100
1001111101111010111001110
1001011001111011010101101
0011001011101011100100111
1011011010010110011010000
1101001000100101010010000
0001001010010111011001110
1000001001010100010111001
1010110110111000001100100
1011000010101000000010100
0000110101001101110110111
0100101101100011011100110
1101001011111011000000001
0111011000010001010101111
0101000110000011001111001
1010000011100010010000110
1100010000001011010010011
1111011100111101001100000
1111101010010000010011110
1010100110011011001000111
1011100110010111000000100
1010011011010101111010010
0001111010011110011011111
1010010111100101111111110
1111010000111100111110011
0110011010110000010010011
0110101100100000010001101
0110011011111001010001100
0011000010111000100011001
0110001001000111111010101
1001101101010111100111000
0000000001010101011100110
1001111101110010010010100
0000110011101000010011011
0001101111111010101101100
1010101101010101001110001
1001101110101110001010000
0011100101000111110110001
0110001110111111111111110
1011010100010110111001101
1011001101110100001100111
1000001110000101101101011
0010101100110001011101111
0111111010101001000101011
0010101000110010110100000
0110011010110110011101100
1010110011011011000110010
0100010010111101000110000
0011010011101110000100110
0101101001111010000110001
1011001101010101010000001
0101100000000000101111111
0110110011101000110011010
0111101000110111000110001
0000001010011101001000000
1110011010001011101001101
1000010011110010111101101
0000110011001110010100101
1100010011001100000000111
1001000111010110110010010
1101011101100001111110001
0000101010010100101110110
0001010010110000001111100
1011001101001101001000010
0001001111001111010010111
0110011001110000010110111
0110100011000001101001001
1001011001010000111000001
0000001110110000010001110
1011000001101000010001110
0101001111011000101010000
1100101111110011010101111
0010111101100100001001100
1111011110011010110010001
0010001011011101000101011
1100011010011010011100000
1111100100100110101000010
0110010001000001110010011
0001111011001101000000100
0100101000011001001100101
0111001110010010001111000
0111010100000110111101100
0111100000010110111110101
0011100001001100011000010
1100101011110011010000000
1001001100101111101110011
1110000011011100011111001
0010000000110010111001100
1011011100001111010010101
0001101110000110011111000
0111011101110011111010000
0100011011000001000100101
1101010111010000111001100
1111000011110101101110110
0100111101110101000000000
1001101111010110000001010
1110011111011011000000011
0001100000001001100001111
0100111111010111000101111
0000001100011000001001011
1100101111101100010111011
0001110001010010001110101
0110011100011111010111100
0011011100010110010000100
0010011110011110001100001
1101110100010100111010010
0101001000100101111111001
1101100000010000000100111
1011110010000111010000111
0100101111111100111110101
1111000001100101011000000
0000100101100100110101010
1011010010000010011011101
1001001000010010011111100
1010001010101100000010110
0100111011011011000101011
0111100101100100001010010
0111011101101101001110001
0100010100011100011101011
0100001100111101111000100
0000111110110100001011011
0110100001010110101010001
0110001100101011111011001
0000111101011011111111101
1010011111000001101000101
1100100101001011101001111
1011001011001001101011101
0100101011100000111101101
1011001101000001110111110
1001111100101001000110000
0101110011001101000101011
1100010111000000000101101
1001110101100101011111011
1010011100011010010000011
1110110000011011001011100
0101011110100101011001010
1000011101011010000111111
0001110110111110110110010
1011111000001101110100100
0110001000010011101000111
1000110110011111010000101
0110000110101011111001101
0001101010001100011010010
1110010011011001101111011
1111110000011001001000101
1000100000011001010011000
1000010010110011101010011
0011110111100101110100101
0001100111100100101101000
1101000000000110010010101
0001011111010000000001000
1100100010111110101011000
1100001010001000101001110
0011001010000000111000010
1010110111010011111011001
1011010010111011001110000
1111011010101101000111101
1110100100011101001000010
0001000111100010111011001
0111101100111100111010011
0100000100101011110000110
1000011000100101000101010
1100111111100110011101101
1001110010110101100111110
0001001111101011100001100
0111101011110101100110100
1001011011101111110100000
1001111000000010011111010
1011010010100101001101110
0100100001110111111001101
0001000100111001100000010
1010101100100101101010101
1110010111001101111001011
1111001000111101110011110
0011000100010101011000011
0001011010111010011001001
1010001101100101001001111
0101011010100110010010100
0001011010101010100011111
0100010001011110000001100
1111011010111011001100011
1001111011000100001110101
1001011101000111001011011
1100100100110010010110000
0010100011000001110001111
1110001010011110111100011
1110111010111010011001100
1010101000101101001001100
1010000000111001000100101
0111100101100000100100001
0101001110101011011011101
0111000001111000101110000
1101100011110111010101110
1010000001011110010000011
0101100101110101101110111
0111000111001010100111111
0011110010110101110011000
0001110111000011011110011
0001101111100001100100001
0010000010110010011110111
1011010000000001100011011
1001101001011001000110101
0100010010100000011000010
0111000011100001100010010
0011001110010000110110101
0101001000110100001100101
0010111100101011001000010
1100100011000000001110000
1000101000010001100010111
1110100000101111101001100
1101000011010101000001010
1001110100010010101000101
1011000000100111011011000
1001111011011001010110101
1010011110110010110010101
0111010001000011001010001
1001110000001010101111001
1001111100000000001100100
1000000111000010011000001
1001100110111100000010110
0111110011111011111011101
0001000000111110110000110
0000110100111001001110000
1101001000101100111111010
1010100000100000000101011
1000001110011100001000011
1101001101001010111000011
1011100011001000100001010
1111110110000110010111000
1100101001111001010110010
0110100111001101100101011
1101100110111010100111111
0011000111010100110101100
1001011100010001000000101
0111011111010100110100110
0000000000010111111111100
0010000001010011101010001
1000110001111011110001000
1001000001111010000100101
1010001010100111111110110
1110111010100010110110110
0001000010000110101110010
0101000111100011001010010
0100110100001110101011100
1100011111110010010101101
1001111011010110011111010
0010101001110111010000010
0011010011011111100011111
0010111111000101111100100
1001000000011101010000010
0111010110000001001101000
0101001010100011010101111
0111010000110001011000110
1101011100100110110101010
1111111001001011000011110
0011101100100110110100101
1101011110101000111100101
1110010010101000111000001
0011000111110001110000100
0011101010010010011011010
0011001000110010101111011
0110101001011110011111100
0100011100110111100001110
1011110010010110011001010
1111010000110010101011011
0110101000110100100000010
1001011011001010011111101
0010010100100101011010010
0000011010010000011000101
1100110011001111010011001
1110111110100000000000011
0000001010001110001000110
0010010110000101010100000
1111101001100100101001111
0010000100001000001001011
1100101001111011011111001
0111000101110101101110100
1000000110011001000111010
0111000111011001100011000
0011111110001010100000010
1110110010100100111010010
0101101011010000011100001
1101001011001000011001011
1001100101010000000010100
1000100101001001110100011
1100100000100000111011001
1010111000100000100000100
1101000111011000001110010
0000010010110100011110011
0000101111110110110001001
0000101101011010000101001
1101111100010111000100100
0110101101010101100000110
1011100110010011100110011
1011101100010010000110011
1111110100110010101011100
0111000110101011101011110
1001001001010011001000111
1011011101100001101111011
0001011011010011011000011
0100100001101011001000100
0110100101010011011001100
0011110111101100000111011
1101101100000111110011111
1001101010101010100111111
1010011110100100110000100
1011100111111000110010101
1110101001010001100100011
0101110100100100111110101
1011010001110100000010011
0011010001110111101000111
1100011111010111100000111
0010100100110111101010100
1110110010011110100010010
0100100011110101000110001
1011010011000010001111000
0100010111111100001001011
0011110000000011001010010
1011010011011000110110001
0111010001110110111000101
1010000110010011010100100
0001010110111010011010010
1011010000110111100111010
0101101111001111001110110
1100001101100111010101110
1111101011001000100110101
1000101111101001100110101
1011101100000110011100111
0010010111011110101100010
0101110111010001000100011
1101001010000001000111001
1001011100111010110101110
1111110100110100001000111
1100110110110011100101100
1011011011000110011001101
0101011000001011010110001
0010100011010011101110011
0100101010100000110110010
0111001001110000000001110
0111010000010111100011010
0000111110110100100010011
1010100100000110101101101
0010111100000110010011010
1110110010010111100111011
1000000100010001110011111
1110001111111010100100000
1000110110101110111111011
1111000100000010111110101
1111011100101111001011111
1100000000011110011110100
0100010001011110011010111
1101000100001001110110100
1100101110101111000000101
1110010001011010011001000
1111100110001011110001110
1111010111000000011100110
0011000101001011010101000
0110111100100100001010101
0001000100100110000010011
0000010011111000110101111
1011000101000110111000010
1000110101000111100100100
0101011011010101111111000
1000010110011010010111010
1001000111100110111001001
1101110111001011111011001
0110011000110100100110110
0100101101111001010110000
1000110011010110001110001
1000111000111011010000101
1001101100000000010010000
1011001010101101111111011
1001110011011001100000000
0101000010100111111011011
1000001100000111100110111
0001110001101000100011101
0010101010111111111001100
0101101110111100100000001
1111011101101110010010000
1110001010010100011011001
0100001000001101101001011
0111011010011001111111100
1100001000011110101100100
0011111011110111001110111
0001101011001100110001100
1101100101111111010100101
0011111110000000001010000
1010100111111001100010100
1001010101000111000100001
0100000111000011111101001
1010001010100101110001101
0111100110001010111111001
1001010111101111111111110
0000010110110100000001111
1111110010110101010110110
1100001011010111111110011
0100100001110110000000001
0111100011100101111111101
0101010111010001100101011
0010101101100000100111110
1010110010000110110001001
1010000001110110101001010
1001101010111011100110101
0010101001110111101111000
1110010000000011111111111
0100110101001011111010010
1101100011111111010110001
0000011011101110110110111
0000001000101000010001100
1110101010101011100001010
1110111100111110100100100
0000101011000001011000110
1011000100101000111111000
1100101000101011111111110
1111100010110110000101001
1100101001011000010010010
1001110100100000100100111
0011100101101011110011110
1011111111010000100100000
1100010111011011000011011
1101011010001111100110010
0111110000110000011001001
1010001001000010011110111
1010000001101111001110100
0011010000000111000000100
1110100000000000000000000
1100000110100010110000111
0000010111111101001100110
1110000110100110110110101
1011000111011000011010101
1001100001000111101000110
1100001010110011011001001
0001110111111001001010101
1011100000001110111110010
0000011100011110011101101
0010101010011010101111101
1100000011000100011010011
1101001011101001001110100
0011010010100101000000001
0000010001011111011010101
0110100011110010010100010
0011100100101101111000110
0111101010110010001000000
1100000101111100100110001
1000001000110010101100001
0001011011101010001000100
0111000011001000110110111
1101010010000001100110000
1111110110111010001101101
0101100110001000011110100
1001010111011101000000100
0101000000000001111111101
0111111110110111100110010
1010101100001010000011010
0100111111001011101100111
1111111000001101111100001
1111101010001011001111111
0001000011000010011111111
0010001100011101010101111
1010110001110000101011011
0010110111110010010110000
0000101010111101100100110
0101010010000111001111011
1111101100001010110001111
1011100001010001011100101
1111101100011010101011111
1111110101011100111100101
1110100001000110000101100
1111000001110111101101011
0110010010110000110010011
0011000110010011011111000
1110000111000001110101010
0110100010000101011110100
0111010101101011110101010
0101110011010011011111010
1110000101101011110010011
0011001110010000110101101
0010101111101110010000110
0011101100001100111001101
0011011101101010111011011
0111001010011101001001000
0010010000010010010100100
1111111011011011011000010
0010010100000000011100101
1100100101101100000011110
1001100111101010011011111
1111111001101110100000010
0011100111101110000000011
1000100001101000111111101
0100111100111010100010010
1011111001101010001110010
1101001110011101100001001
1011000000011111101100111
1010000001010110011111111
1001101111110100101000010
0100010001110000000000111
0000110000001100011010001
1111001101111000001110011
1110010111011100010001101
1011010001101011001110010
1100000010110001011111011
0001010001101111001010111
1101011011011000011001101
0011100110101010101111001
0100101000111100111010101
0111001000000111111000011
1010110111001110111110010
1011011100001101101001100
1100100110111111001000110
1101001101110111001000000
1011110101001100110001101
1011000011101100111101010
0111011101011001101101011
0101000011101101100110001
1101110101101010100101011
1101001011100011100100100
1011111000101110111000001
1000011111011111000001111
0101100100110111010101000
1011001011110111111001000
0000011010101000110011101
0110100100101110011011101
1011001000110111000100100
1101011111100010001111100
0001100110001111100100001
1011101011001001001010001
1100000101001001001101000
1011010010011101001110011
0010101100111111101011110
1000100001000111100011011
1101101011110111011110100
1101100110100011110111000
0100110101000111100001101
1100111010100011011110001
0001101110001100001011100
1010101100011101000110110
1111010100000111101101111
1111110000010110010001111
0101100001100001110000111
1111001011101100110000110
1011011001001100000100100
1101110100001000011010010
0001000000011111011111100
1111000101011111001111100
1010110011100101100101001
0100010111111000001011010
1100101111100000011101101
0011111110011111010001000
0110000101101100010101101
0110100000110111110100101
0110011101000110111011100
1000111111110110000111011
1000000010110000100101010
1111011111111101001110011
1011001101010110110010010
1100011111011111100100101
0011100011101110111000110
0001111110000010100100010
1000010011001110010001110
1111100011110101000110010
1000000100011001110101100
0110010011010101111010111
1101011101111001110000001
1001001001010010000001100
1010100101011001001000111
1101111111110010001000000
1000110001100101011010011
1111011110011010101111100
0110111011110111110100001
0011001100010110001111101
0001001100001001010001100
1100011000000011101011110
0011111101100000000000000
0000101101101000111100101
1011001100101101011100111
1111111001010110010011101
1110011100001011111100110
0000101001111101100110111
1111000101101110111100000
1111000000101000111001101
1110100010110101110000010
0010100100001110100000100
0010000100010000000110001
1101111100010011100101110
0010000101000111010101101
0100001100011001111010001
1100010000110000010010111
0000111011110110001101101
0001101010001111111010010
0011000000110101011010111
0010101001000110011010100
0010110110111111111110011
1101110011011111011001011
0001110100100011100010010
0011111001011000001010100
0001001100101100010001001
0101001001000000110001101
1111000100100101011000100
1101110000100110111111110
0100011011010111010100100
0110001110110000111011110
1010101010111101011001111
0101000010111011011110101
1000101101111000110011110
1010010111011001111100011
1000100011010001010001101
1000010010110000011001110
0111100100000111000101101
0111010011111010001111101
0011000100010000000010000
0100100010000101001010100
0011100100011001011111110
0000011001111110100100001
1111001100000100011111110
0000011111010011101101111
0000001110011010010011011
1010011100110100001110010
0010001001100010100001010
0100110011100001111101100
0010000000000001001011000
0110101011001100110010100
0110000101000111000110010
0110000011111011110010101
0101101111001101111001001
0110011001001011110011001
0101010101101110100010001
0010110100100000001110100
0000000101111001001100000
0100011011110000111111111
0000110110100101010001101
0111001110100101011001000
0101101111111011101100011
1111000000100110100100110
0101010000100010000110100
0110001110101011010100010
1001010100101010001111111
0011010001010110110011010
0110101110110111100100111
0100111001001010001001000
1110001110001111000111111
0110010100111111111110100
0111100111010001011010110
0101110100101011010111111
0011000111001011010010000
1100000110110010111100110
1111010111100100000000111
1111111000111111101011111
1100100100010110000111011
1000011010110100011000001
1001101011100100110001011
0101110000011001101110011
1001111101110000011101000
0010100100000000110111101
1111010110110110111011011
0100010001100000000111011
1100110110010001100001001
0000011001100111101000111
0110001001011011010100101
1010001101110011011100001
0001101101110111000111010
1010011001011001000100000
1101001101010100011011110
1110011110010000001001011
0001011100110001001011110
1111010110111001100001100

Greedy Output:19
