25
1000
0110110101011001110101100
1101011110001011010110010
0100101011111110111111010
0011010101000000110101100
1000100110000111000101001
1111111110101111000111111
1110100001010110001001001
1011101100000110110100011
1010100001100101100111101
1110110110101000010111000
0101110001011101110000100
1011001001010001000101111
1100001100010001100010011
0000011101000000010100110
1000100010101010000010010
0111010000100000001000001
1101001101111110111010001
1101010111111100101101001
0010110110011111111101100
0011011011101100110011110
0110011100100000001000010
1010100010101101000011000
0110010100011110111000101
0111000111110001001100101
1010100110111011110110000
1111110011100111000001110
1101010111010001011001011
1001001111101111011000000
1011000101101000011010001
0010111000011000001001000
1001000011010000111101000
0110111100110000101010010
0100101010011100101110001
1010110100100001001110001
0000101001101011111000001
0110111111111110000001000
1001011101110001100101000
0011011001111010011010011
0011101100000110100011110
1110010101101100011101011
1110111010100101010110111
0011010000011001111010100
0110110110011101111000111
0000110011010100011010011
1001010111101101000001100
1100010100000110110100110
0010111011001110000000011
1001110001100110100011111
0011100101100010001011011
0100001100111100100111110
0010000101110101011110000
0001000011101111111100011
0000011011000000111111000
0111100011011011101000101
0100011010000101001111001
1111101110000011010111110
1110011010010110100011000
0100101110010100100111111
0001000100001111100000100
1010000000010110110001001
0100111011010000101010001
0101011011000001100101011
1001110001010100100011110
1100111011000011100110000
0111001110101010001001100
0110100110110011110001001
1100010110111101100101011
1110101100011010110110100
0010101010011110010110011
1000111011110110000001101
1110000111100110000110100
0000011110110010010111011
1111010001110000010010011
1000100001000111001111111
0001110110100100100101011
1010001000110001011001110
1101011101111010101101011
0000100101110100101001101
0000110011110101101110111
1110011011011000000010110
1101000110010010111100001
1010111001001101110101010
1011101110000111000001101
0111011101010100101110011
1000101001100011110000110
1110110111000001110000110
1111101010001001010110011
1011000001101011011010011
1000111111011110101001011
0101000101001100110000010
1011001110110000110101110
0100000011011110110010110
0000011110001100111101101
1010000110001111000010100
0111010100011101010010000
0111111000010000011100110
1111100110110010101111110
1010001100101111101011011
1010010101010100101110100
0100110110100111010100010
1101000000010111000100100
0110011000110111110100101
1100110000001110001101111
1100101000000000100001000
1010100100101000010110100
1110101001010100100101001
0110100001001000111001111
0110011111000100011000000
0011100111000001111101010
1101011000010010000101101
0111111110110111010011001
0100011001110101000000110
1000110011100111100100110
0110111001101110011000011
1111010101100110011000100
0001010001011010000010111
0110010011110010001110111
1101100110111000001101100
1100001101100000000111001
0101010111001101011110101
0111010011111111100010010
0000111011000100010011111
1100010000111000000110010
0110010111000111110111111
0010101000100100011010001
0100000111000001001010000
1100111000100010101011110
1101100010010110001000101
0101100100110000001000000
0000011011110110001001101
0100110101101001011110110
0100101010011000001000010
1101101101101011110000101
0101011110101100001111101
0100111010000001100001000
0101111100000110101001000
0011000101110100101010101
0001010100101000111110011
0100001010101000001100101
1100100110110000011110010
0000101111111010001000101
0100111101110100000000011
0010100111101001100111000
0001101011001110010100110
0110100111110011001100100
1010100101001011110010000
1101000001101000110111000
0010111111100110111110111
0100011001100001010000001
0111100010011101100011110
1011101100011001110000101
1111000101110001111011111
0001111111101001000100101
0011110000100110111000100
0101111101110011011101010
1001000110110001111100000
1111001110100000100011010
0011111111010011000100001
0111110111100011101010000
1100000011100010000110011
0110010111101011010010111
0110101010000000001001111
1010110010111001000001011
0111001001010001110000010
1101111011001000101111010
1010001010001011101011100
0011100000100001110110001
1010001011000100010110110
1110110010010001001111001
0100000011010101101010110
0111001101011010100011000
0011111110001100001110000
1101101010010011010000001
0110000001111111000100100
1010001100011111000100111
1000000110110000010101110
0101010001110010110011101
1000100001101001001101101
0100100110010000101000101
0110011111110110001110100
0001101110010001010100000
1110100000000100101101001
1011001111010011010111101
0101010110000001000111101
0110001110111000010001101
0001100100111010001101101
1101011010101001100010001
0001100000110010000010010
0111010001111111000111001
0010100010000011110101111
1000101111110000011001010
0000010010000000001100100
0001001100010010100110000
0110010101111110011100101
1010010001011111100101000
1010011100010101101110101
1111101011001001000100100
0110101100001010100001111
1011001111101110011111111
0001011001000101011010010
0000110110111101000100110
0101110101010010010110100
0001010001001010010110011
1000000111011111111011010
1011100111101111110011000
1000001101010001011011101
1100000100010000101011010
1111010010001101100000010
0111100110110000111111110
1010110110000000101111001
0111111000100110100110111
1010111011100100100010011
1111101111000010010110011
1111000101001010110100011
0011100010000100010100101
0000011011011101101101111
0100100000111010010110111
0010110101010000110111011
1000010010011110011101100
1010101110001001001000110
1010110101010010000110000
0111111101010111011101000
0101001000011011100101011
1111101010110101100100100
0001101000010000111101110
0000110111000011101110001
0100101011111101000110110
0010110101111111111101100
1000011101001110110100001
0110010010000110010101010
1000110111111100011001000
0111011111101110111010010
0000101101100010111110101
1010111010001110011100001
1000011001011011111000011
1011110111111110011000000
0001100011001100100001001
0000011010110110001010110
1001111001101101101000110
0111010101001001110110001
1001110000011100000011011
1101100010001001000111001
0001110000011111001010101
1110100010101111100011011
0101000010100111110010100
0101101110111010111100110
0000101010100001111010110
0111100110000110111011001
1111110011000010101100000
0001111100010011001100101
1100000110011000010110011
1010101100110010101010000
0110111010111010011010101
1110011110110110111110111
0001100101011101001000111
1110111101110011110000010
0111111010101101001110110
1100010100110000101110101
1000001001011000011011110
0001010101010101001101101
1010101100101101010100010
1100000111111001100010010
1101001000101010111010011
0001000111001000000011000
0101110111100100001100000
0101111111001100001111000
1011100001110100111010011
0001010010111101111111001
0111111001010100101111111
1001111111110000000011011
0111110010101010100011110
1001000111000111000110001
0010001101011111110000110
1100010000100000001010110
1101101101110101001101111
0011000000011010000100101
1010101110111011110110100
0010010011100011110110101
0111001100100011111100100
1000100111011010111100111
1000011011101001100010010
0111100000000110100000011
0001010000110100100010011
1101111111110101111000011
1011000011110100111010101
0011111100011010101000111
0000111110000001010010010
1111101101011100001111101
1110001000111010111000011
0100100011000100111010111
0110000111111010100111111
0001011000111010010111010
0000010111000100101000110
0000000100000110001101001
1001101101111100000101011
0001100011100100111010100
0010001110011110101110010
1100100011111011011010011
0011010011110110010001110
0110001111100000000101110
0110000000010001010010011
0001010100000101110001110
0100001010001000100101000
0111000000001001101010111
1111110110010101010100101
1100110001110001101011100
1010011110001000001110001
0100010000001111110101000
1000101000101101111100000
1001000001111110111001101
1001010100110010010001101
1110100101100110011001101
1000010111110000101100100
0111110100011111101000001
1100011110100111001000101
0100000101100010111000010
0010101001010010011010011
1110111101111111100111010
1101001001001100011011110
1010010110001101100000101
0100110001010100000100110
1101111000001111100001010
0001111101010110010100100
1011110101000001111111100
1110011000011111001100101
0110000111101101101001101
1100110011111000101001111
0101001011100010100000101
1010011010101000011110000
0010010001001001100101101
1101100000111000100101101
0000011101100011111101111
0001000010101011000010011
1101111000001100011100001
1011011010110101111001100
0001000101000100011010100
0101011101001010101101101
0010010010110100111101001
0001000000111110110011001
1110111111111101111100000
0000000010001010100001001
1111001110110111101011011
0101110000111111011011101
0011000010111111111010110
0100001100011011011101000
0111011001001011001011000
0101010010100111111011101
1100100101010111100111000
0001000001001111100100011
0101100011100001000101001
1101100011000010000101001
1010000111100000100110001
0110000010001011010110000
0111010110010010101000011
0000101100111010010110110
1100101110001011110111111
0101110101000011001000011
0010011101001011100101101
0001111000001101110111111
1110001001100101000100001
1101100100111001010001000
0111100100111001110001100
1110100111011100000100111
0101000011011000001011110
1011100000001101000001001
1001110000110011010101110
1011110100101101011110100
1011000100111011101011001
1101101010000000011110100
1110101011011010101100110
0010110110110001111000000
0011000010100101101011001
0010010110100000100000000
1011010111111011010001110
0100001111010111010111011
0101111001110110110010010
0100011111011001110000011
1000011101011010000001011
1010011100110111011010011
1101101001011101101000110
0000100011111001111111111
1100010100100011101100111
0101101000000010001110111
1001111011011100101110011
1011000101110100100001001
0000110111001010011010111
1011101000101011011111001
0001101111000001001101011
1000111010111111111010011
0111000011101000111000100
1001100000110010110101001
1110000100010101001110111
0001110101001011001111000
0000101010110110111000100
1010101001001101000100101
0000000110110001100111100
1110110010101100111011110
1101111111011011000010111
0100110110001111101010111
1001001011011001001010001
0011111110000011101111000
0111111101000111111001011
1100011010111011110110110
1010000010101010111010100
1110110001111101111100000
1011000110001010001011001
1100101111100001111011110
1001111000011001001111101
1111000010001110110110011
1100100110010110100011011
1101001011010101101100001
1010011100100000101001011
1101001110100100001101000
0111100100101000000111101
1001000101111001010101010
1110000001111010111111100
0101001011110100110010001
0010110101011011100101101
1010111001110010001111000
0001100100101001100001001
0011100101101111110101100
0011011100100000001111101
1001100101010110001010001
0101100110101001010100000
1111100110000001011111010
0110101110001000100101110
0100001011101100001001000
0010111110101101001101111
0001111001100001111100111
0011100011000111000010111
1010010011000101100010010
1011101111100110110001011
1010000110100010000110111
0010101010101110111001001
0010110110010111001000111
1100001100100010111010101
0101101000000000010010111
1001010001011011111000001
0000010001111001000011010
0100011110110010111010010
0101000101100100010100100
1101101110110001000110100
0001101111111011001111010
1001100011110011000000100
0111011001000111111011101
1011111011010110010011011
1000110010110111011010001
0001010110001011111110110
0011001001000110100110000
0111011011101000000111101
1111000111100110101011100
0110110001100101101001001
1000011111101000100100100
1101000000110011100001101
1101110111000001001110010
0011101100110100010000011
0011111110010101001010100
1111011111001110001111101
1000001000100110111101001
1011011101111100111100000
1010100000101000110000000
1101001101001111011110011
1111011101001111011011101
1001101111111111000001111
1010111001100001110001001
1000011010010110111011000
0101110110101101011001000
1010101011001111111111001
0001011100111101111001101
0011110111001110111001001
0000101110110101000010011
1010011101111101010101100
0010001101110000101010101
0010001001000110100001011
1100010111100000101010011
1101000011111111101011101
0011100101011000010011011
0100111101000111100101110
1110000111100100111011111
1110001001111001010010100
0000001111011101101101111
0000001101111001011011011
1100110000111111000110011
1110111101000100100111010
0100001011100000110100001
0110100010100101101001100
0101010001111000111100011
1100000111010000110100100
1011111011010111000000001
0101100110010011100001110
0110011101011000111111000
0000011001001001001101001
0010100011001101001010010
1100101010100001101000111
0001101100111101011011110
0101010000010111110111000
1000000101100000011100100
0101000000101001011010111
1100000101011001011110000
0001110011011110000001011
0111110000011000110011001
1110011001100011100011001
0111111001000100110011100
0101111001010001010000010
0101110101010101110100100
0000110001101001000001001
1001100010101000111011001
1111010111001110000101111
1000000010011011000111100
0011111000001100011110101
0010010101101110010110011
0101111010110100101010100
0110010110011111100111000
1000000010100111111100100
0110011011000110110010010
0001110101110000110110110
1100011001101000100010010
1000111000010111000100001
1001010101011110111110111
1110000001001001001101101
0111110111000000010101111
1001100101011111111010011
1110010001011111011111011
0100000110100111101000001
1000001000001011010111100
0100111001111010110000011
1011111110001010001000110
0101010111111010100011010
1000011110010000001111010
0010010100110001010010100
1101000101111001101110000
1110111010110010011110101
1001000111110000001100101
1100101101010101110100001
0011010101011100101110100
1010010010010000000100010
0010000101000000101101110
1000001011100100010111000
0000011010011101000000011
1011100110100101011100101
1011010101001111111111101
1010110100010010001001100
0101100001101100111011100
0110111101110111001010110
1101110110100001000111001
0000110101101111101010010
1000111111111011101011000
0011010011100011000110110
1110000010101110011001011
0000001001100100101101001
1110101110000100011110001
1101100100100001001100101
1011011110100110100010000
1100000011110001001111010
1001100111101110100100010
0011011111111111101010100
0001111001100000010110110
0101111001011110110010110
0011111001101101011000011
1010111100010001011101101
0101010110011000110000010
0110101011100111101111000
0011111111101010010010001
0000111111110101010011110
1001100010101100110000100
1110110011000001101100011
0011100001110111010010111
1111111111110110001101101
0000001101011100000000100
1001100111000100000101100
0110010011000001010001101
0010011010001000111100110
0111001101100001010100110
0100001110001101000111110
0100100101111100001111001
0011111010111101110110011
0000100100100010011001000
0010110011110110001111001
1001010011100011001101101
0101110010010000010001101
0110000000101111011011011
0101100101010000100001000
0111011101101111010110101
0011001101101011101101110
0110101111110001011100011
0101001111100010110001100
0011100111110100110001100
1010111011001001110000111
1011000011101100010011100
0000100100110110100000111
0110101110010011010000111
0001110101011101110001101
0011110000101000011010100
0101110000100100111000111
0010110011001101111100001
0101001011000011011110110
0100110010100011110100001
1011000110100101100101111
1010111101011110100111101
0111001100001000000001000
1110101101100011101011010
0001001111101000001011000
0011100010100001111001010
0000001001101000101000110
1000101001000111011100100
1001010100011010011001110
0110011101000010001001000
1111111111001001011010010
1110011001000110100111100
0110011000011000111000111
1111011100111101000111111
1000011100110000110111001
1101100110001010001111111
0010101001101110001100100
0100111101110001111110010
0011110100001101011110101
1111101001101011111011110
0001001111001110101111000
0100011111000001011110111
1011001001011001101010111
0011011011000111110010011
0000111011101011100011000
0111000101100101101101011
1110000100101110011111010
0011110010011100111110000
0111001100011000001110100
0010001011010000110011011
0010100000111111011010010
0001111111110000011100110
0111110111100010000101110
1101101010111110101111101
1010000001011100010010011
1110001100101110100011011
0111010000001101001000100
0111101011000001101011010
0010010001010011111011111
0100101000011011110101111
0011001110011110011110001
0101011010100000000110101
0011001111100011011001000
0010000011111110011110010
0100000011110011000101111
1110001111101000111110100
0100111000000011001101010
0010101111001100100110101
0101100111000100111100010
1001100010110011011110100
0111011010000011010110001
1000111111011001111111010
1011011100001100000100101
0111010011000101100011110
0111011111000010010101100
0001001100000010100101000
1110001001100010101001101
1101111100011011100110011
1100100100011010111100001
1000100101000110010011101
1110100000011011000111010
0001011100101010000110010
1100010001100111101001010
0111000010100110100111010
1110011011011100100101110
0110001110101010101100010
1010011000011011010000011
0001011011110111100110010
1010111101010100101010000
1000001111011010011000001
1001101011000110110100110
0000010110101000110111111
1000011111101100100111101
0011110001111100001101000
0110001100100111000010011
0111001101110000100100100
0001001010101000100010101
1001001110010110000110000
0001110011101100111010000
0111111001011111001011101
0101110001100011001110101
0010101010011101111111000
1100011000111010111101010
1100110000100001000011010
0001000100000001100001000
0011110110011011011110100
0000000001010100110110011
0011110010110010010110001
0000000111001000001000101
0100111000111101111110101
1010101111011101001000001
0100001110010100011010110
1111000100010000011100011
0111100101101011011100000
0111000011100011001101110
0000000101010110000101010
0011011010110011011100110
1010001000111010111011001
1110100100111101010000101
1011100010111001100011111
0011001100010011100110001
1010110101011011010100000
1001111111111000011000111
0011010100100100001011101
1011100111101101011111001
0000100010010001100000011
1100100011010101011111110
1110101001101011110111101
0111000101111010100101110
1101101110010011010000000
0111000100000100110010001
0011011001011110101100110
0110000100101101111011110
0011000100100011001100010
0001110001011110111111101
1000011011000111000111100
0001111100101001001001011
0110011000101011111100101
1001011100000011000110000
1111110000111110111101111
1100001100000110111000000
1000101110100110011111001
1010001010101100010110010
0111011100100100011101110
0000011011101000001000010
0111100110100100101000111
0110110001011001101010000
1110110000110001000100001
0000011101010000111100110
0111001100001010001100110
1011011011011011110110111
0101100011111111100000010
0001000011010100010111110
0110110100000110011110101
1110110110000010000010010
1111101001010010010101111
0010110011000101110101110
1011010111011011100101110
1010100010100000101000000
1111110100100111110100001
1001000100011110000111110
1100111000111010011110101
1011000000010101101100011
1100000010110010101000001
1010000100000110110001001
0011100011100101101111001
1110111101001101011111001
0110010010001101010010010
1101101111101100111011111
0110101000111011110010001
0010101001111110000010110
0001010110111000100100001
0100011011001011110100011
0110011100101011000000001
0110001001110000000100011
1011001000100010111110100
1010111101100101100001010
0001100001100011000011010
1000100010100101110010110
1100100100000011110100101
1001110100011000010010001
0011011000001110011111001
0000111011111011110110010
1001001010010111111001100
0001010011011111101111001
0010110000010100111101101
0100100000110111101110101
1001001010110001001010010
1001110110001011111100010
1110011110001110001011111
1110101011001000110110000
1001010110111111001111001
1111101000100110111110010
0111011100000001101100111
0011101110000000010110000
1111111101000100000010111
0110100110011111100110111
1011101000101110101110110
1101100101001010110110010
0110101111101001011110000
0010001111111101000110100
1101011001010011100010010
0000110001111011011111000
0100101100000101011000110
0100101111011110010110101
0010000110111010110011000
1001111001000111101110111
1001100101011101101100111
1001011111001100000001110
1000101000000111110101101
1011110001011100011011110
0101101111001111111001101
0111000000100110110100100
0000101010110101010100111
0111011110100101011101110
1111101010011100101100001
1001110010101101001110010
1001000011000001001001000
0000100000111011111010110
1001011110100100011011110
1110100010110011110000100
0011100010010100000111000
0010011001011010101001100
0001001000011011110010000
1110101001110111101111110
1110000001011110101000110
1100111101001010001100110
1101111001100000111111100
1110100111110101010100000
1100011000101000111010011
1101111001010101110010110
1110010100001110110001110
1000111001000110100110111
1110000101001010111110011
0111101010100001001011011
1110010110001111110001001
1111001100111010110001010
1001111001000110000100111
0011010100110011011011010
0001101110101000000011111
0010011111111100100111111
0011110011001001100110010
0111000010000111001110011
0110101010001100110001100
0100011101010010010100111
1100111001011110100011010
0100110000110100011100001
0110111111111100000000100
1001101011111111100101011
1110011100000011000010111
1100101100101010101001010
1010110111001010111101110
0101100111010010100101110
0110111001111000001001110
0111110000111010011101110
1010000110100110010111110
0110001110000101100100110
0011100000001100100001111
0100100101101010001011011
1011000111000110100010111
0001000000000110110000110
1001110110100111001010110
0000000011110101100101010
1100101011101000111111010
1110011000001111011110101
0010101100011010000110001
0000100100001000111101100
1100100101000000001101100
0100110110101000101100110
0001111001010000110000110
1110100101010001010000001
1110011011000001010111100
1110101000100000101000011
0010001111000010000000111
0000101101111100110010110
1000011001111101100001110
1111000010001011111011001
0011100101000111010011101
0111000000100100001001011
1000000010101101101111001
0110011100111011101110010
0000011011011011111001100
1011110001001000111110001
1001010010101001000000111
0101111111000001001011100
0101011010100010100111000
0110100001110010110000010
1000110101111011011101101
1111010100000010110010010
0011100001101001011110011
1100111100011000100111111
1100101110101001110000101
1010101111011100111011010
1001000100001000001000101
0011010101101100000110110
0001100110011111000010111
0101100100001111111010000
1000111000001001100010000
1101000010110001110100111
0110110000100111000100100
0010111000110110010000011
0000101100011110010111111
1110100010000101001110000
1101010101100111001010111
0111100011101000000111100
1101110000100000000110111
0111111011010111011111001
1011101010011011110001101
1101101111010101100110100
1001001101010011100110010
0010111000110110000011000
1001100100111111101000001
0010101001111011011110100
1010111100011011011000011
1111011011011011010101110
0101000010110001100100101
1100010111111011100110000
1011111110001011010111000
0010110010011101110110110
1010111101000010100100001
0100010110111100001010011
0110010111101100011010011
0100010111111110011001010
0111011100000101011010100
1101001110100100010100110
1101111100111010110001110
1101100111111001010011010
0011001110001010111111011
1011000000011101110000111
0101100111111000000000000
1100110000011110001101100
1000101100111110111111000
1001111110100100110001010
0010000110101001111000110
1001010110110001110010011
1111111100000010000110100
0011010111100100011001110
0100100001100110101111000
0000100000100011100100110
0100001001101111010110101
1101011100000110001011001
0110111100000110000110010
0000001011111111000000100
1101101100100110000011010
0011110101000110010001000
0111111101010101101010000
0011110111000110010011000
0111001111000010000111011
0010100101110000010101110
0011110001000110001001000
0110101000001011001110000
0101001100001001100001110
0110111010110110001010011
1101101111101011000011011
1110100110011011010110011
0001000101010010100001100
0011011111100000100001011
1101011000000100110011100
0101010001100111101100110
0101000000010100110010010
1000110010111110111000011
0000100100000001000110100
0110101111101111010010111
1111001101001011110111110
0000000101011001010010110
0110100100000001101101010
0011110011001111111101110
0100111000011100111101100
0111111100000110001011000
1011000111001000101000100
1101111101010010001101100
1010101001001000010110001
0011100111010110000001011
0101011111101111000001110
0111111111000000010110100
1101011010100110000011101
1000000110010100011010000
1011100000110011000000001
0010110000010010000001100
1110100010111101100101001
0000000010000001111001001
1011110111001011010110011
0111111001001110010100010
1111001011010101100110001
1011100101101001110011000
0010101101001101000010101
1011100000110010010101001
0110000010001110100101001
0010111000011110101100111
0111011101100110000000100
1101100001101000001001001
1011100111100111010100010
1101000100100100111010100
0110100111011010000110100
1110010000010001110010110
0111000111000111000111000
0101000011010000110001011
1000101100010011111110111
1001010011000101111001001
0101011000001001011001100
1010111010110000000010011
0001111110010011001001110
1000110100001100101010011
1011101110111100111101000
1111100110101110010100000
1011101000010111110011100
1010100011001111100100110
0100110110100010010100000
0010110011001001100101100
0001001001110011100100101
0110000101100010100111111
1111011000111010111000011
1101101100000110101101001
1001111101111011000100100
1000001010010111001000111
0010011010100111000110111
0100011111000111000101111
0000110010111100110011010
1111011010110000010011010
0100001101011110100000101
0101110001100101110100100
1000101101001101111101111
0101011011010100010110001

Greedy Output:21
