25
1000
1110001001111000000100111
0001101001011101001100000
0101001011000000111110111
0010000110001110111011001
1011101111100101111100110
0101011110110000110011010
1111110111011000010111001
0010100110100100110010011
0110001011111000110000001
1100001110001110111010110
0011010010011100001011111
1001100010110001111111100
1100001111011100000010101
0000011011110111111110001
1010101101001100011011011
0100000111000011100010101
0100010110100100101000011
0100000010100101101101011
0110110110001111001100101
0011100110010111001101100
1100100000010001110000001
0010101000101011110101010
1101011101110010110010001
1010001010101010100100011
0010110011000001010001001
0011010110101000011011100
0100101000011001100101001
0001101001001110111011101
1100011011010111111100000
1001011001011100110111101
0101111101011101011111010
1001101110101010101100001
1100110101100110111110001
1101110100110101001001010
0000100100000000101101000
0011000111101010011100110
0000100111101011000001111
0111110000011000001011100
1010100010010111001101101
0110101101100000010001111
1011001011000010001001001
0011110001000110001010000
0100001100001010001100000
1000011001000100010100100
0010111100100100011000000
1001101000111100000001010
0111110011000000110011110
0100110110010101110001010
1010010001111101010000101
0011101101000010000010111
1101011101001000000001111
1111100111011011101111100
0010000111101000000011110
1001100001010100111111010
1111100111010000110110100
1110100111110110011110100
0010010111001011110111001
0001100110011001100000010
0000101110001001100110101
1011010101110001111101000
0111111101000011101111001
1101001111100111010111011
0111011101011010010000101
1000100100010110000100000
0010010011001111011111111
1001011101000011000100101
0001000111101000001110010
0100001011000111010100110
0001100001000000111110101
1010111101011001011110000
0011100011010010101011111
0010010000110010010111000
1111001100001101001100010
1000110100110010000000000
0001111011100111110000011
1110000011111011011011101
0110010010110100101111010
1101010110111010100010101
1000111011100101100010001
0101110111010110010000000
1100011000011001111001001
1111000111010101100111001
1111110011111101001100110
1000100101100010001110111
1010010101100010010101101
1010111111001010010100011
0111000011011110010111110
1001101101010011111011110
0010111100111011110010010
0010011001101000001101001
0100101100011111100001001
1000110000000110011110000
0011101111000111100110010
0110110001100010011001010
0000101101001100111111100
1101100011010000111100000
1111101000010001100000110
1110011010010000001011001
0010101000010000110101000
1010110110111101101111010
1001101111100111011011000
0001011000111010010001001
1011110011010011010101100
1101011000001110100010101
1000100011101011111111101
1111000010001001010110011
0110101111010001000101000
1100011110011001110010000
1001011010000000100101111
1110101000000011100110110
0000101101000011010001011
0110000011101101111000000
0100000100110111110011011
1110101011101101100110010
0111001010101110110010010
0111001001110101000010001
1111010110110000100110100
0101100010100000010010001
0101100101000000001010001
1101101000110001100001011
0000101101101001001001100
0101010010010001001110011
1111101000001110111100110
1001000100011000011111011
0100010110010101100010111
0111100001001111110001100
0010000110000010010111100
0101101001110110110101010
1001000010110001111100101
0110111100100011110101010
0100110110000011010100110
0001100000110011010100000
1011100100001011101000110
1011111110011010100010011
0110000100001100000110010
0000110101010010000011000
1111010100010111100000111
0111101110101010001101110
1111011001011101110000010
1110100010111001011101111
1011000011000111100010111
0010010110010000011011100
0110000101001011101010001
0110101100111101111110010
0010011101100110011101011
0001001001010111111101101
0000010101010100010110100
0101010101101111010011000
0001101001011000110111011
1011000100000010100111110
1101101010110101010101110
0011101110001010101001000
0111011101101101100101011
0010100100111101111111000
0000000001010111001000000
0011001101011011010111100
1100111101000010000100111
0101000011010001000000010
1000100111101000001110101
0000010000111001110000011
1010110100011011000111010
0111111101101101011110000
1111101101111000101001011
1110110110000100110000000
1001001000101011110110111
1010110110111100001110001
1000111011101000010111010
0010111111001101111001101
1100000100011011100000001
0101010001001101001110111
1101101010100000010101110
0010001000011010110100000
0010011111101101010010110
1100110011110001101000111
0100001011111011101010101
0000000001001100001111100
0110110101100110000000111
0011101000000111000100111
1010100010100001110111001
1000101011110101100011110
0011110001111101100000100
0101000101100101100011111
1100101010110001010010000
1010111010101001001001011
0101101000111011011001101
0011111100001001010100100
1000100011011110100100001
0001101110110011100101110
1010000100100000111101100
0111001111011001110000101
0001110010010010000100010
0101111010000100000101111
1110110001011110110110010
1111111110100110110010011
0000011011100010000101110
1011010000010001010110010
0101111100001100111110011
1100111010011100111001100
0100010101011100111101111
0101110000110001111111001
1011101111100001100111000
0011000011101010101001011
0011110001101011111110111
0101111100101000000000010
1100101001111100111110000
0001100100010001110100011
0101111001000011011001000
1111110011010110101000011
0011111001110101101001110
0100000111101000110100011
1101001010001001100101100
0100101011000110000000000
0100011010111110101010110
1000111100010101101011001
1111110111011000110011000
0000000010010111100101000
0000110100101101011101111
1001001100010011110110011
1100010100001110011110011
1110101001101010010110100
1110001011010101101111101
1100110110010010110101111
1000100111110011011110100
1101010001000010101100011
1000001010110011111101110
0100100001000000101110100
1000110111100010011101101
1011100010110100001111100
1110011010001010111001100
0001110101100110110010011
0011111011011011000100100
0010011001111101000111001
0000010110101101101011101
1001111001000111110010000
1011010110001100111011111
1010001011101100001000010
0001011011100011010001011
0000000000110101000010010
1111111010100010111100111
1110010000101100010100000
0101001101100011111000101
0101111000110100101010011
1110011010010110000111101
0010100111100100001011101
1010001111101111110100010
0010101100011011100011011
0111000010001100011101110
0010011111010010000111101
1011010011111000110000110
1100101111000001010110101
0110110101001010011111100
0001000101101101100100100
0010001111011001011011001
0101010100110111001000001
0100100001010010011100010
0011100100110110001110000
0001001110111011111111110
1010000011011101101110101
0111100000010011110010111
1001010110101101100101001
1000111000011011101101110
0001110111111001000000000
1101101111111000110001101
1001001100011011010001010
1100000111000010110001110
0010001110010011011100101
0001010011010110000111111
1000010101001100100110111
1110100011010110100011011
1010001011110010010111111
0001001011100000000001111
1111100111011010000011000
1101000110001100110000001
0110101010011010010111010
1110010100101001010000100
0001001010100011100000010
0101100111000101000110101
0110011011001011001100001
1011100011000001110100011
0011110010010011000100110
1001000001110000010111100
1101111000111100010110010
0110110001001111011011010
0111011000110111100111111
0111110100101101011001000
0001110010101110110110100
1101010011010110011111011
0100110000001111011010111
1100010100011110000000010
0111100110000001111111101
1110100001011101101101000
0000110001100110110000110
1110001000111101001001011
0001011010000100110111010
1001110111011011100000100
0010111111101101001001101
0010001011011100001000111
1011001111001010111101000
0000100110010010010011111
0011001110110110010110011
0001111001101000101110100
0001000010010100111110110
1101110111101010101011000
1010101001010000001110000
0010101001101000111110010
1110010110010101001011001
0010010010000010101000011
1010010010111010111010011
0001010010001000110101010
0111001101110110001110010
0101101111101100000110010
0001010100101011110011101
0110110111100001011101001
0001011111001101111111011
1010101110001001011101011
1000011111111111000111100
0111000111101111111001010
0001100011110000000101011
0011110100101101111011100
1010101000100110111111010
1101101000110100111110100
0011111010101100001001100
1000000010110011111110011
1111001111101011000100100
1010111110011111000100111
0011101100011001000111110
0110011111100010101001100
1101010111101101001011011
1110111111100111011010000
1111001011001111111010101
1101011111110011000011001
1010101101100000110110110
1001011011001100100011101
0001111101000000010111000
0100110111001110101000001
1000001100010101010111111
1001011110111101010000101
0100110110111000010001111
0000011010100101111011000
1101100011100111001111111
1011101010010010000110111
1110000111101100110101011
1100010000010101110110101
1101011110011010111101010
1000101110111000001100000
1010110110110011010100110
0010001010010000110000010
1100110011100010110000000
0100111010001000000000110
1100010001101100000111110
1101101111111000100000110
1100111101110011000110011
0001011011101110111101101
0000011001110000111110000
1101100110001101110000010
1100000110100101100011010
0011010110110100111010000
0101000101001100010000001
1011000000111010010101110
0110101101001101001000011
0100001111101000000000000
0001011011000101111001001
0010101011110110111101011
1000000100010000011110101
0111010111100011100101000
0000100111110011000111111
0010100111110111011111101
1101100100011010000111010
1100110111111011101001011
1110111100111100111010101
1111000001101110110010010
0000100100101010000100100
0000100110100010011110111
0010101111000001000011111
1111011101110111011010101
0001010001110010100000111
1100000111011010011111001
1010111011011100111011000
0010000101000010001100011
0101000101000101110000110
0111110001110101010010111
0110010110010111001101011
0000101101011100000110101
1010000010011111010101100
0011010000100001100100101
0011111000000100101110000
0100101011101011100011010
0010000110101111010010111
1110000110010101101111100
0110101101101001110011111
0000000011011000010000111
0001100010100011111111011
1100100110001010100000000
1000011011000010101010100
1101011101011100111111011
0101110010011100110010101
1010101011100000101110011
0001001100000011011110110
0010001001010101010100110
1001111011111011001100010
0100011001000110000101101
0010000101001111100011100
1001111010000101101000001
0101011101101111001110011
1111001000110111001111000
1100100101010100100011010
0011110110000001101111001
1011110101111000001001010
1010001000101110001010000
0011111001110000001010011
1111111001011011000100100
0101010110001011010101011
0101011010010110100001111
1111111000101100000010101
1001100001011110111011110
0100110001100011001000001
0011110000010011000000000
0010000011110000111000001
0010110111011001010010011
0000011100011111100101100
0001111110011001001011100
0001010011110010011001000
0000100000100011010100100
1110111001001100111001111
0001110101001100010010011
0010000110101111100110000
0010110101101100010011100
0001011110001011011101011
1111111001101111000000011
0111111100010011011100011
1010011101111011111101100
1001000101011100001101111
1110111111001001000011010
1100101111101100100101000
0010011111101001100000010
1110000001101101001010001
1110110010001111011110101
0011110111101110001101000
0110101000111010111100011
1110100110100100000111100
0100000010100011110001111
0100011000010101010110010
0000110010000101110011010
0001101000110001010010101
0110100100011010010001001
1110100110010111111010001
0100110100111010110001011
1011110001111101100101111
1110101011101101001010100
0101011000011100100101001
0001111011001110001010011
0001101111011010100110000
0010000000000101101100101
1001000100000010101000111
0100101010011111011001001
0001000111000111110110101
0101001101001011100011001
1000001000001100011101010
1101000101011001011111001
0000010101111101010011001
0000011001101110100011110
1111000010110101101011101
1000010001100011100001101
0101111101010101000010011
0011010001000001001011011
0100010100000111101011100
0010010011111111101100010
0110100001111011011011110
1101011011011000100011111
1010000101110100101001011
1101111111010111101010001
0000010100100010011111001
1000000001110111110101110
0000101011101011110101001
1111000110000011001011011
1011110011010110011110111
0111010011000101111010101
1001001110110110001000001
0111011111000010000110001
0101110101001001111100110
1111100111110111110101011
1001100101010111010101011
0000000101010011011011001
1111001011101001110001011
1110101011110111100111011
1000100100011100101110011
0010011101101100011100011
1100010100111001010110010
1010011101010101110000110
1110010010000100001101011
1101000010111010011001110
1001010011100010011010110
1000100000011110011111111
1011010100000010011100011
1111101111010101110010010
1011000110011010011111001
1101011101101000001100010
0111010110001000000111100
0111001110011110110000111
0011111100101100110001100
0110111001010110000101010
0000010101010000001011010
1011011011000111100100010
0001110111001001010111010
1010000101100011100101101
0100110110011010001111110
1100010111101101000110100
1111011111001000001010010
1100101001101001000011101
1001001000011110001010111
1101000111001001101100011
1011111101111101101000000
1001011100000000010000000
0001100100101110111010101
0110100001011100111011011
1001001000100000110111010
0011001010001111111000000
1010001000101101001011010
1101011011011111101010111
1001011000010100001111110
0011000101001010100111010
0111010011110011101011000
0010011010001010111000010
1000101000110011011100011
1010010010101100010000011
0011001010110110011111011
1100010111001001100000000
0111101011000110101011100
1100101000110100000010011
1111110101001000111111100
0101110100010000110100000
1111011011101111010110010
0010010000000110101001100
1011100011110111110011000
1001101100100101010000011
1110111000000010000111111
1011000011100111101011010
0011100000101011010100011
0100011011101011001100000
0010000001010110010111001
0001100000100111000110101
1010010110110001010110001
0000100111100001111111000
1111010010100111000100100
1100011010000000111100100
0000000110111100011001000
0111101001001010101110100
0010111011111111001111000
1001001101111101010111111
0100111010110000111000100
0011110100100100010000111
1111110000110100111010101
1110111001010111001000101
1100000100110111001100110
1011000010000000111100101
0010010011011100010100000
0011101011000001110001000
0001001001000111111101000
0001011001010000100101100
0100010010111001101101000
1110010011010111111001010
0001011100110010010010000
1101010001111110010111001
0111101011010010010010101
1011010001010011000001111
0100101111010001101010001
1101111111001100111111111
1010001011010010011011111
1100011111001011111010000
1100101001001100000100010
0011101110100110001101010
0010101001100000001101010
0000011000100110011001111
0010010001111111001000010
0011010110111010100001111
0001011001001111001000101
0001101110101010110110111
0100001011010000110100101
1101001111100100001011010
0010110001010001110011101
1111101000010110111100110
1100000011111100110100010
1100100001000110001101111
1011101001110001010100010
1101001101110111001101110
0001001100111011100110111
0000011010010010110111001
0011011001011010100100001
0010111010101100001001010
0101000101010011111100010
1000101010001110110011001
0000001001001011110100111
1100111010110010010001010
0100000001110110010110011
1101010100011011000001010
0011110011000010111111011
0010110000001111010001000
1110010001000001100100011
0011110010010011111110011
1011111001000011001001101
0010000011011111101011000
0001011101101011011011111
1100000000101011001011001
0101010100000000111001100
0111100001100010010111100
1010010011111000001011011
0110110000111111000101010
1010001011010010001100011
0001001010111111100111010
1010110011111100101001100
1111001001001001001111000
1111011101111000001011010
0100000100101011001010001
1001100000101111100110001
1111110100001000011010001
0010011010011001111111100
0100111000101100110110100
1000101011010110000011100
1001101011001000110001101
0100001010000100110110000
0110010000100001110001101
1001101000111011110101100
0100011111110110001011011
1011101100101100001010110
1101001011110011001011001
1010111010111111010000101
1001010001010000000110011
1010000101010110110000101
1111000011100111100011001
0111010000100011010101100
1100110101100001101000011
0100001101001000001101001
0110100000111101100000010
1100101100111100100101001
1001111000100011001000111
0011001101101111100110010
1010011010100100010111011
1101101010010010001100100
0010101111010101011000010
1111110000011111000001010
0100010110110111101100101
0111111010110010111010001
1111100010110010100100100
0101000101100101101101011
0011000101111001010100100
1001000011001011101011101
1101100011011010001001001
0101100100100001101001111
0101100101001100101001001
1101010000010111110101100
0010011011100010010101101
0011101010110100110110110
0110010111101010010101100
1001101100000011110101001
1000011001011111011000101
0110100001100111101101000
0001010101110001011011010
0011010110111000101000111
0101001010010101001000001
1001100000000011100010100
1011011110110100011010001
0001010100101010010000001
1110101001111011100100010
1000001110001001001111111
1001001011100001110110111
1010101111011110111101000
1010100101010000001110001
0001110011001100010010001
0110000100100000100110001
0010010011010010111110111
0101111010010001110100110
0001100010010001100111111
0111000000110111010110010
0101001001100000100110010
0010100011010011111111111
0001100000001000100100101
0110001010110010010110000
1001100101001011111100001
0010010100110010000101111
0101001001001111011010101
1001101110000100100101000
0001001000011010111000100
0110001011010111110110101
0111100001001001011100100
0001110010111010011101011
0111000101000110100000100
1000000010111010100111111
0101010010000011101010000
0010110011010101011101011
0001111100001111100110101
0000011011100110101100011
1000001001100000100101000
1101011110101100010100001
1110111110100011010100110
1111101101011000101001000
0110000010001111110001010
0100001000101101011111001
1100010100011001010111100
0010000111000011111010000
0001101010010111000111000
0001111010111110000110100
0001011011001101110011111
0000000100010010110100000
0100001011110111001100000
1001110101100101100100001
0001011001101100011011111
0111011101001011101001011
0001010111110000100110011
0001011110100100001110010
0101000101001001001010001
0100101101111011101111010
0111000010001110101000000
0011100100110100001110000
0110110000001110000111110
0000001110000011011010110
1101010111000000101011000
1110000101111010010010011
0111110011010110000010101
1011100111100010100001110
1110111101010100110010111
1101010001010011111110101
0101100101010100001010011
0010010000111100111110010
0001110010101010111111100
1011011111000010010111011
1111110101100000100001001
0100100100111101101111000
0101111000011110000011110
1001001001101011111100101
0111011001101000010100100
1100011111000110000101111
0010011011111010100111010
0010100011101011101000110
1101100010110110001111101
0101010001100111010000110
1001111000010010010010000
1000111100011000000110011
1101101101101110000010000
0100100000111010011001001
1111011110001110000011100
1001111100010110101110000
0000110110011100011001110
0101101000000111100101011
1011110100100101111101100
1011100110101110010100001
0011101000001001110111001
0011100000011001000110010
1011011100100101100101110
1010001111101111010110011
0101111100010110100001011
1110011110010101110101011
1010000100101101101011100
0111101110011000110011010
1101100000000101101100110
0111011011001100010100100
0000000010001110111001001
1100101100010010100010001
0000011100011110101110100
0011011101100011001101100
1100100010001011101000101
0001011001000110000111011
0100001110011111011110010
0010000101010110011101011
0010110100101101100101001
1001100100100111001110110
1101011110010001101101011
1011000111111011101000110
0111001011010110001011101
0011010010100000101101111
1011000101011001110100000
0011111101110010011110101
0000100110111010010110010
0100001000010001010000100
0110111001011000000110101
1101101000101101111110111
0101010101010101011010100
1001001010111111000001111
1000000111000000101111001
0110111101010111110000111
1010000001111110011001010
1100010001100011100100101
1100110100001011010110000
1100111001000011100001101
0000100000000100111000001
0100010011100001000010110
1000010100000001000010111
1101011010111001110011101
0011111010001101000000000
1010000100100111111011000
0110111000101101010000111
1100010100101001010111000
0101100000110000101100011
1001110111000010011010110
0000010101111101010011010
0000011010111000100110001
1100000100101111011011001
0101101001101111101001000
0011001000110001000000100
0001000101100111100111100
1010000001111111111011100
0110111000110011100111000
0111111110010101000001111
1010110110011001001101110
0101011110010100000011111
1101010111000000011001110
1110000101100001011111011
1101111011100101101000101
1010010000100100100101000
0000110011101011000110101
1011010010011011110100110
0000000011100001111101011
0100001001000100001100010
0010110001111010110101100
1100101110011101000000100
0101000000001111001100101
0111111101010001111011100
0100101110100001101000100
0100001111101111111101010
0001010100011111100100110
0110000010110110100011001
0100101110100001100101001
1100110101010001001000001
1110011011000010010010110
1110111001100011001010110
1001010110111011100111100
1011101100010100011100101
0010001110110011100000010
1000110011110011000111011
1001101000101110110100001
0000001101011001000100010
1101001110011000011011101
1110011011110011101000011
1001100010000110110100001
1100110100101001101111000
0111001101010011101011100
0011110011010000001111100
1010111001011011011011011
1000010000110000110001100
0101001101011101111000110
0001110011101101010101101
0001101010001111110010011
1011101001001001110111001
1110111001001011001101001
1111001101000111101011011
1000110000000000101100001
0111011101111101100011000
0000101100001000001010000
0000111010110011001010001
0100100011101101010100000
0111011010010111110100011
0001100000100111000011100
1010100000100111000111000
1100110100111111111111001
1011011010011011111100000
1111010011100101110111110
0011010111001100000111110
0001101011001110110001001
0110010101001010011111110
1010011000100011001101101
0101000010110010011111011
1110110000000110111111010
1000000010011001000101101
1001010000010111100001010
1001101000100100010110111
0101101001110010110101000
0111010010110100101011110
1010000010100000011000101
1110100010001000110000000
1011111101000101011101110
0110010101000100101100111
0000010100001111001101001
0001011010110100001011101
1001010100111000101111101
0000010000100010001011011
1011100110011010000111010
0111101110101100010111100
0111000111001011100011100
0001011100010011100110001
1011010111000000111101011
0111010111011011111001111
1111000001001011100000111
1101101000110000011111000
1001011011101101010110111
0101110101110010011011101
0011111101110100101001100
0010111110110001111010101
1010111101100010010100010
0000001001111111010100000
0101101110011100110110110
0001100100101110011010101
1010011101011000100111010
1001011001100001000001100
1000110111100001010110011
1001101111011111011110100
0010010111110001011010010
1100100001110100000011100
0000110001100111110001100
1001011100110001101001111
0011100101001101001111010
0101000011011100011000110
1010000011001111110011000
0010010111100011110110101
1100010001011010100100000
0010101100110101000011100
0001111100000110100100110
0100110010000101010111010
0010011001001100100110001
0101000011000011100101001
1000110100111010100110111
1110100110010000101011001
1000110110001100101101110
0000110111011001101100010
1010010111101001011110011
1010011011001111101101111
1000100010111110011010010
1101001001011101100000111
1010010010011010111010110
0000111000010011101011111
0011101110011001101111001
1111010101110100011000001
1111000011000111011011100
1111111111101001001100000
1101010101000100011000010
0100000111111011010001010
0101101110010101100101010
1111110010111101110011011
1100000100111010000110100
1100101101111010111111111
1000101011101111110011100
1011110001001100100101110
0011001010001101010010110
0001111010101010110111101
1110001010101000110001011
0011100011111100010000011
1111001111000111011100111
0000011011010001010011010
1000100101001111000011100
0000001111100011100101011
1001110010110111110111000
0010111001001000101001111
0101010000000101111000110
0011101111100111000001000
1011111010111011101110001
0010110011110001101010010
1011101100100010011000011
1010101111000001111011101
1010110101011100010101101
1110010000111000101100010
0011100011001101110000110
1100011110010111010000101
1110110001010011011010001
1111100110010001010001010
0000000110000111111110000
1111011110000001011010001
0110100100011001111001011
0001101010111000111111100
1000110000000001111001001
0110011000111101110101000
1001000001011001100100100
0011100101101110010101101
1110000100101111010110000
1011111111110110001011000
1101010100000101111101101
1011110011101011000000110
1100111111000100010100100
0110011110111011100011010
0101101011011101011111010
0111011110110011111100101
1010010010101110011100010
0001011100111101110111001
1101001111100010111100001
0010001101010101001011011
0010001010010011110101100
0100100010101101011101101
0010111101001000010001011
1011111110111011111101001
1010110111110011100010110
1011011000000000001110000
0011111010000000101110110
0100000111010111100101010
0000010101111110001001111
1010110000110111010011010
1100111101110010111011010
0000001000000000011111111
1000010110101000111011110
1010110011001101111001000
0100111010000100100111100
0011000010001011000100110
1111010101111010100001111
0001011101101011111011001
1000000111101010100100010
1100101010111110100111000
0101110000000010010010001
1101110000011100001011011
0010100000000001010000001
1001001101011001101111111
1100011010101101001100100
1011001110101100011111010
0000101011100110010011011
0111000101010111100001111

Greedy Output:21
