25
1000
1100110110001001001100101
0000010010101010101001111
0101001011001111100001101
0000001011101100110110101
1110010101010000111011001
1000001001011101100110100
1010010110010000111011010
0011000001001111100110110
1100011001001011110110000
0100101001011001111010010
1101000110101011001000100
1100111001100001010100110
0101000111100010110010110
0110001010001110100101011
0101111001111111111011110
1010100011101110010000011
0010101011001011100010111
0100100110010000011010110
0110000001111010000010010
1100001001000010111110100
1110110001101111011110100
0110011011110010001010110
0101100010010100101001100
1101001010110000001110010
0111011000010011011000101
0011000101011111011000001
1110001001000110001011101
0101001001111100111010111
0000000001011001001010000
0001010110111101010110001
0101010010011011000111111
1111100000100010111111110
1000001111001011000000000
0111110100001001111100001
0101100100110111100010001
1110100101110111110000100
0000001000010010110000001
1100011001101100101111001
0001110011000111111111000
1000010000111110001001101
0001011101011011001101010
1011011011101111000101000
1101010101100111110100001
0110101101100010001000100
0110001011100100001111100
1100111000001110100000001
0001010010000010011011100
0011010001011000101011010
1101101010110011101101100
0100000111110010011000100
0010100110010111101101110
1001010111011111111100010
0101111000101011101011011
1110000101011001111100011
0101011000101101011111110
1111011011011101100111000
0001111001101010100100111
0000100101010011111100100
1111100101110010000000100
0111111111010000000010001
1100010010101000101101111
0001011101101010001010110
0011001010101101001001001
1011010000100000110010001
0010100001110110000000010
0110111000101011100011001
1011000010111001110111101
0101110111100111010000001
0011000011001111010011001
1011110011011010001000000
0110100011001110011100101
0000110111010010110100010
0100100000100010101111101
1001001100100111111110010
1101001101111110010000010
1000110010111000111000001
0111000011101110101111000
0101110110110110000100111
0011110111101010111010000
1001111001001011110001001
1001000011001000101101001
0000110111111100100101001
0001001010000101110100111
0100100100101000000101001
1101011100101010001001011
0110110110111000010001000
0111000101010010111110000
0101111001110100011100110
1101100111000010101100111
1100100100011011000001101
0100110001111101100101111
1000011101110011010001010
0100010111101010010001111
0011110110110011101111100
1101100110110011110110100
0010111101100010001000111
0000011111000111110100111
1011011111011100101010110
1110001101000111000001101
0111011111000110000010010
1111100101110010010001000
0101101100011111000101000
0101100111001111011001000
1000000011010110010000100
0101000110001010001111100
0001000000000111110010001
0111001110011011011111111
0011011111010100011010000
1100001111011001000111000
1011100011001110110111100
0101000000100111101110011
1111100110111001100000001
0000001111101001110101101
0010001101011110111111010
0111110111110101000001101
0001111110011001010001010
1011100001100110010110011
1110001110111111110111000
0000000000100100100001100
1010101001100100000111010
0101000000100110111101011
1010000101101110101001011
1111011110101001011101011
1010001000001100000000111
1010111111000111110000001
1111011001001000001101011
0111010001010001000110100
0000110001110011010110110
1010100001100101100110010
1110111110110111000000101
1101000000010100010101110
0101011010010000101111110
1010000000110110001101110
1100000101101111110111011
1110101010100101111110000
1011110011101011111111101
1111001110101000011111000
1010011000010101100010110
0110111100000011010000110
1010011011000111011001100
1001111010011011000011100
0110000010111010010001111
1111101111100100000111100
0101100011010101100101110
1011011111010101111110111
0111101110001100011001110
0001110100011100001111000
0001000001100100000010000
0000001010010010011101011
1101010001101100001001111
0000000010110001111000001
0001101111010111111100110
1001111011101001110100100
0011100111111100011001011
1111000010001000010111000
0011001101001110001011111
0111001000100010111100101
1100011101111110011101101
0011100101110100111001001
0010110101110110000110101
0010101001101111111010010
1001101101000110001000010
1110010110011101000110000
0001011111111100110001101
1101010100000100011110111
1010001111101000111001100
1011011100000110001100010
0000100010001101001011110
0001111011100000000001101
0001100110001101111110111
0011001101111110111011010
1010010100101010011011000
1111101011010110111011111
1100101010100111011001100
0010101110100100010011011
1111110011010110000100010
0011101011010111100100010
1111111100100111111110101
1001111111000010001101000
0000101001011010001001001
0100100011101000100110111
0101011111001101000111110
0101101001001100100110010
1000000100011111101001011
1111111010111110111010010
0000001001101111100111000
0111001110011001011000100
1000100100101010111001110
0010111101011100101110100
1101101000111001111010100
1010100100000000111011010
1001100010011001010000010
1100111011101001111000011
0000011000010001110110011
1111011011101100000001100
0010010111111111011000001
1101110011001111110101000
1101100001001110101110011
0111010111100101101100010
1011100111010110011101101
1000010010111010110100011
1101010100101110011100100
0001101110100001000100011
1101011100000001101000101
0111010011110100000101111
0010111100101101010111101
0011100000111111000110110
0100010101011101110100100
1101110011100101001110100
0110111001100001001010111
1010001011101111010100110
0000001011011101000110100
0101100000101110111001110
0101111100100111011101100
0001100001010110100011111
0011101101100111010001011
0001101010111000110011101
0101011001000010001111001
0011010100100001010010100
0110011000011111110001100
0010110000110111111010010
0000101100111011000000111
1010100000010110110001111
0011111011001101100000001
1101100010100000010010011
0001111110101101110000010
0011111101010110111011111
0100101100100000111111001
1010010100100100111110100
1010110011111000100111110
1010010101011001111011000
0000001010101101001100101
0100111110111001101101000
0101111100100001110000010
0001010101011001011001100
0100011111101111001100111
0011011110000101000000001
0110001000101000001001001
0111100111010010111100001
0010011000011101000001000
1000100101000100001111100
1101000101000111010010001
1101110010000000011000101
1101100101010110111100010
0000000101100101100110011
1101101111100011011011100
0111101011010101101010101
1010001000111000101010000
0110000010110011111101000
0000000110100101100110001
0011011011100011111000011
1011001111000010100100100
0101111010000100010011101
1111010101100101100001010
1100011011001010001111110
0110001101001001010011001
0001110000001011110110101
1011000010111101001010110
0001101010011100111111011
1000101100010010111101010
0011000001010101100101100
1110010111101110110110111
0011011100001000111101001
1001101101000101000001111
1010111000011010000100010
1110011011101100100001101
1001001111111110011111001
0000010011011111110001011
1110100011010111111110011
1010111011010011110100101
1110100011111111011110011
1000101100101101111111111
0111001001001110010011100
1010011110100011111100001
1110001001011101101000011
0101001011101110001101111
1010111111001110000101100
1001101011100111011110011
1111100001100100000010100
1001000100010000111001001
1110110111001110101110000
0100001010111011111110110
0101010001010101011110001
0001001000110001000111110
1100100111000100100100111
0011000110110100000111011
0110110011010110001100000
1001000001100001111001110
0110111101010010001101101
1011110101001111010100111
1110000011110101010110101
0111101110011100011111100
1001011101000001011100010
1011101001010001100111101
1010101111001010111001101
0010101000110000100101110
1011110010010000010011001
0000011011111110010001100
0010111001011011111011101
0100010110010011010010101
1010110011110101110100001
0101101111000011000000010
1000011101110001110000010
0000011100001010000111101
1001010101000111011111100
1011010011010010001101010
0000000000101011101100001
1110110011011011010111001
1101100101010101111110010
1110111100101011001110001
0101010110010111001101000
1011011001011101110111000
0011000001000001111101111
0111100101111111010100111
0101011110001011110011011
1010100011111110011100101
1010110111110110000011111
1111011110110100001010100
0000110010010001100111100
1100100100000110101011011
1110111101010001111010010
1000000110001100000100110
0110111110010010000111000
1100110110110100110100110
1010111111100100101000010
0110100011101101001101110
1011100100110010010111000
0010010011100111011000001
1100101101100010110000111
1111110001001111101011000
0001011110100110010110011
1011110010101001101100111
0011110010111000110000010
1101001010001000110101011
0011000110000101111101100
0100100010000100110100101
1101000110010000100111110
0000110101000110111111111
1011000000011110011011011
1001111001110011001010011
0010100011100010011111011
0100100100110000101110101
0100010110100000100000010
0000110010011010110011001
1001000000001011010010110
0001100001011000110100111
1110000101101110010011100
1101100000010001111001101
1011001010111100010011101
1011010111110110111100001
0000001101110010011000111
1101100111001110000101100
1010111011111110110001011
1110110001100111100101010
0011101111001100101011110
0010000100110001011111010
1000000100000110001001101
0101001111101000110101100
1010110100011110110111101
1001100100100011100101100
0001010011101110111000010
0010100101101110010011101
0010010101001110101001001
1100101000101100100100100
0110000110010011000011001
1110000000001101101010011
1001010001111001110100010
0010100111001011100010111
0011010001100011001101100
0010111100111010001010011
1100111010010110100011110
0111111101011110110100010
0111000110001100101110110
1100100010000101111011010
1011010101010101101011010
0110000011110010010000111
0101101110111001100110101
0110010100001111100111010
1010000100010011011110000
0101000101001001110010010
1100011010111110100100011
0001100001010001110011010
0010101110011111100111110
1000000010000101111010110
1011100111010101000100111
1001011000101101011001100
0101011111111001110101010
1010100001101010011000001
0001111101100100111001110
1011010101111111010011011
1010000000111110001011101
0110100011110110011010100
0001010101110010000111010
0011010001011110000101000
1010001101110100001001110
0000000001010101111101001
0000010101001110010000111
1000001110101000001000000
1110000110011001100010011
0010011001111100101101101
0111011100011001110100010
1001010000001001001100000
0000010110100110010010111
0110001011011110000011111
1001100011111001101111000
0000010110110101111101000
0111010100100100011010000
1010100111000100010100000
0110001010000011010000001
0101110001000010111110011
1100101111111001111100111
1101110010111000100101111
0100010101110010110000101
1011101011001010001110111
0011100110011000110110010
0010011101011101011111001
0000000111111011101011111
1110011011111010111011001
0111000011100100001010100
1101100011111000010110100
0111100111000010111000100
0110011001010111011100011
1010010000010101110100100
1100111100000111100011011
0000100001100110110000101
1001001000110111111101110
0011101101000101101011010
0001000010100101100101011
1111001110001110001101011
0101000000111000000110001
1101000010011110100101001
0110000100000001000111111
1001001111101010100101110
0100000001001011011000100
1100000111001010101000000
0011110001100000001100111
0000101010011111000000001
0110010100111011110001001
1000010010010100101011001
1010001000101001000001101
0100100011111011110111101
0010011001011011010111010
1100100010011011011110001
0010100111110111101101001
0011001011100111111000011
1010001110110011110011100
1101110111101010010011000
1110111010101100100111111
0110110110101100110100100
0110111100010000011001111
1110001011100010011001101
0111011111110110001111110
0000111100101101011001001
1100011111110001010001111
1111111010100001001011011
1100100101001101011010001
0000100001010011101110100
1001111110010111110001110
0011111011111101111110100
0010011100010000110101000
1111100111010011101011001
1111010101101011111101101
0001011101111101011110101
1111000000011011011001111
1011101111010010100111101
0010000100101100010100101
0001011111101110010100010
1010010001101001101101011
1011001000110010011110111
0001111001110101110111010
0011111001011001001101100
0110101001111010011000110
1011111100100100001110001
1101101000000101001111011
1000100010101001110001001
1001001110011101000101110
0010110010001011111000110
0100100011010000100110110
0101010111011110100100001
0001101110101101000101110
1010011011110100010010101
0001000101111101110100010
0011111000111011001001010
1000000000010011101001100
1100100110100000111011101
1001011110101100001001101
0001010000011101101111111
1100111101011100011010110
0110101000000111100010010
1000011011111010011000110
0000101010101000011011100
1000110001010101011010010
0100011100011000111000110
1000100100010101010100100
1010010011011111000001110
1000101101101100110010000
1010111100000110111011011
0101010011010000000101110
1010000000100100001100001
1010011111010010110110110
1010110100101110101101111
0001010111111000110101100
0100111111111111011111000
1001011111101000010110000
0001111110100011100101110
1111010000010110100000011
0101101011111000010110100
1111001010000001010001001
1011001011011101101100001
1111011000010011111000000
0111110110010011011001010
0101011110010110101111111
1001100001010001111011011
1001100101101101110101110
1001111011001111111111000
1010010101110000110001000
0110011111010010101101111
0110010111010101001101011
1001100100101001100000100
0010001000101010111011011
1101010010101010001001101
0111011001001100110001100
0000010100011111100111111
1001001100001000110101010
0100101110100101111100110
0000001100011101010100001
0000100001001100111000110
0011101110100110000111111
1010011100001001111010011
0100101111011110100001010
1100010000000011101110010
1101011000001000100101011
0111101001100010001101001
1011110001000010001001110
1101100000011001110111011
1010011101000011100111010
1011001111010010011100101
1111101011011111011100110
1110100001110001100110110
0001011010011011000100111
1010100001101100101001000
0010001111011111111100011
0011000110100010001100000
1001000111000010101111001
1001101101011010111100110
1110010011010011100111000
1001100111110101010001111
0011011100111110000011010
1100010011100000110111000
1100000110101101110110010
1110001000100110110111110
0000101101111000101001101
1000001001111011101000011
1000011010011000001101101
0110110101010000010100111
1101100001100110000010110
0001011110100101100111010
1101100100000000110101111
1111110001000000100111010
0110000100110111000111110
0101111001110010001010000
0000111010010101011010111
0110001011110100111001000
1111000001001100100100101
1110101000011010000100010
1101100100001001011010000
1111111100100011000011000
0111010111100001000001101
1100110111010100010101011
1101010011111011100110111
1111000000111111100110100
0010111110101010110011110
0010100001100100000100101
0000111011101000011001100
1111000001000001101101101
1011100101111100101111110
0110100010001000100111101
0011110001101000101111111
1111101001001101011010011
1000001100100100110001100
1100011001110010001111100
0100010001001010011110000
0100111110100111010100011
0100010110100100000111000
1100001010000000101101110
0110010110100111010011110
1010000101111011001011000
1000110001101001110111000
0011010101000011001111010
1100011001001010000111100
1010011011101111111010001
0011101111001101100111000
0110100101100010110111110
0111110000101101000100110
0101010010011000001000001
1100011001010010101000111
1110100000011110100111000
1100111110000000010000101
1101110001100000001100010
0011101001100010101101001
0000111111101101000010011
1010101110001101110011010
0110000100001011011111001
0010100110001100101101101
0110010000011000011101100
1001001011010101000101100
0111111110101011100011001
0110000001011010110011010
1000001110010010110001100
0010100111000111011010111
0101101110110011010100001
0000110000111100001000010
0101110100100100110101100
1000100011010101111111110
0100011110011000011110011
0110111010111000011010110
0111000011100010111010111
0100000111010110111101101
0010100101110110100101101
1000100110110101001101001
0100100011010100110100100
0111101001001001111001100
0101111101100111110010100
1001011010110010111010011
0000011011001001001110100
0011010010101100011110000
1010100011101101001001001
0000000111011000001110011
1110111110011001110011100
1000110000110100010011110
1110101011000101010100111
0101110110001111000000100
1100100101110101000010100
0000000110000000000001111
1100110010011100101001101
1011111001011111111011011
1001011111111111011000100
0110010010101000111101000
0110001111110110101010001
1011111110110001000000101
0100000000101100001001100
1001111110010111110010100
1110011011001110010111000
1000001000110001110111010
1011010000011101000010100
0000110010110000000110101
0011001001001111011011011
0000011110000100010110001
0011000101000111010100100
1101000001010000011000111
1111101110101101010010000
1110010101101110011011100
0110011100100000111010000
0100100111110001101010101
1100101010101010000001111
0010111101101100010110001
0111111001111110001100000
1011001111101000000101100
0101101101011111111011101
1010110011001101110000011
0011011111001001100010111
1101010100111111110000100
1101111111100101101001111
0000000011011011000010100
1011011010001011100101110
0001000010000000100110111
1001110100010011010110101
1000000000011110001001111
1011001101000100111110011
0001111001100101000101100
0001011100111101000001101
1010010010110001111001111
0011110110010101110110001
1000100111101110111111110
0111000010000110011111101
0000101100111001010011010
1100001001111011111111110
0111001011010101011101001
0101101100100011011110101
1101111100100110100011011
0000111001011010000011110
1100000111000101010001101
1010011111010110001100101
1111100111000100111111000
0101110101011011000101100
1010001011001001111010010
0110101001101011111000101
1011101101000110110110111
0010011111011010000011100
0010001011000111010110000
1011011010111111111011011
1101110010110111110001000
1110000101100110000111001
0001001101101111101000100
1111101011100100110011100
0011000000101111101011101
1110001111000010010111100
1000101111100011101000010
1110101010111011011100001
0011010001001111101001000
1111011000111011001001101
0111000111011000101010100
0010111011110000101100001
0111101110100110101100100
0011111011101101010000100
0100010101011010110011110
1010100110001011100000111
0110110011111011110110111
1111011111010001010100010
1111001001010010011101001
1001111001111000010010011
1110011111001011111101010
1010000110011010101001111
1100110101000101110100000
1010010011010001111111000
1101111100011110110111111
1011011111110100000110011
1111011011101001110111110
1010011101100101101100001
1001010110111001011010001
1011111110001110110011111
1101110111011111011001011
1110011011000011111011101
1100010111001100101110100
1010101100011000110011110
1100010111110010010110010
0011010010111010110101011
0110001100110010011001110
1000111011001111111000011
1010100000110110000000110
1000100010100000001011111
0110101100010100111111111
1110110101001101001110110
1101110111111111011101011
1101110000101100101010001
0101001101100101100010001
0110101010111011111100010
0001001100000111010110001
0110000111110111111011100
1001001111000100001110101
0011000110001110100101000
0000110010000110010100110
0110111011011101000101011
1001000010111011010101100
0011011101101000001011010
1100111000001011011010100
1100111110000011001111101
1111100100100000101000101
0011100101101000100011111
1110001001110001110111010
0001100110011111010011111
1000101010010100011001010
0010110010001010011010001
1010110110101010011011010
0010011010110101110010110
1011101000100110011011001
0010101100011001000010000
0111111010101110000101101
0000001010101001011010111
1110011111010001101000111
0001111100000101010110001
0001111001010111100110010
1000101010000001111111010
1000100011011110010000011
1010111000111000010001101
1101000011101011010010011
0011110001010001111101110
1100110000111000011010010
1001110111101101111000100
1111100010011001111110101
0001101001110000001110100
0101010101011101111111100
0101100010000110011110011
0010110100110101100101001
1101011110010000001111000
0101110000011111101111000
0011100111011000011001111
0101101101001011011011111
0111110001010010101011100
1011100110111100010010101
1111110010001100100100100
1010101011110101010011010
0000000011001110001001000
1101110001000000100000010
1011111010011111001111100
1100100101010010000101001
0111111111001111011111100
0100100100001111000111000
0010110110110011100000111
1000010011100101100010001
1010101111000110010101011
0101001010011111000000000
1001011000010111101011101
1000111000001110100100000
1101001110110111000110011
0001011010011010000101110
0000011010011000110011001
1010001110100011000000111
0110101111110001110110101
0111010110001101100110111
1010111000011011111000011
1100110000101010101000101
0101110010011101101011100
0111010100101001110111000
1111110100000010011100011
1001100101110011001011000
1011110011011001110000101
0110000000101000001001001
0111010011011111000010111
0111111010101100001111101
0010010010001011010101011
0100011000001010011101001
1110011010010011110011001
0111011110101011101110101
1111001111110000111101111
0101010100010110000010000
0000100111011110100011010
0110110111011100101110011
1010100010001000101101010
0111001101101010100101010
0011110001000010000000001
0100010010010100100011010
1000100011000010101010111
1101000110011010010111100
0000000100100110011001111
0001001100111110010011110
1110011110000000010011111
0110010100101100101001111
1101011101010010110101010
0101111011111000110111110
1000111001111110101110100
1101110010010110011100101
1100000000010100011001011
1101000100010110101001101
0001111000111010110101011
1101110110011010000101100
1010010110110011010101000
0001111111111001000001101
1001100011010001010110010
0101001101110001111110001
0001101101110100011110110
0110101100010010100010111
0001011101011101111001101
0111000100110010110011100
1100101000100101000011101
1101110011100010110111101
0111010100011000010000011
0001100001011110010001011
0100010100111000100111101
1010010100110110000001000
1100001110000000011110111
1100111001011001011110101
0010100000000011101001100
1001010001001111011111001
0011100000110001000010110
1000110010100111000111000
1110100011110010110111000
1101011100100011110111010
0000011110001111100001101
0110000011011011101111000
0001011110000000111001011
1001110011110100100111111
0110101111011101010101110
1100010000001011101111010
1010100100001111101001001
1010110100010011110010001
1101100010011011101000010
0000111100000001101101011
0110110101110100011101001
0011010001111011110101100
1100100010100110011110001
0100101110000011000000110
1000010111110110100000110
1011010000011110100010111
1110111011110001100111111
0000101011011101101001100
1010000010110101100110000
0001100000000111100010011
1101001011011100001001000
0100101000011110010111110
0000101111001001110101100
1101110000101111000001001
1011111101011001101011110
1110110101110001001000011
1101101010010011101010110
1111101111110001011011111
0101100100000110110111011
1111010100110110010011011
1000010110111000000001001
1000100000100010000001011
0011011111111000100010001
1010000011011000111010011
0111000110001000010101011
0001000111001001001011011
0100010000101111101010101
1001111000100011000000010
1110100001111101101000001
1100111100101111010000001
0011000011110111011110100
0100111000001000001011101
0110100011011000001010111
1101010000001110001111110
0110110010001001111111110
0010001001011110000101100
1010100101011111010100110
1110111100111000000100111
0001010010111101101000010
1101101101010101001000110
1100011100011000100000100
0000010101000100011100100
0011001111001100111010001
0110001110010100011110111
1001000101010011010000111
1011101111011010001010110
1110010111111111111110101
0101110110000011010100010
1001100000100110101101100
1100101000111110001100001
0001110011001010110000101
1100001110011100100001110
0101110100000111110010110
1010000101001000111100111
0010110100000000110011100
1001110000001101011100101
1111001011000101111101000
0111110111001001001111100
1000111111001011100100100
0111101100101110110001001
1011110100011111000011000
0110000010000011001111101
1000000011001001100001011
1000110100101011011000000
0011100011111101000001100
0011011001011101110001010
1101101011100110101111001
0001110011110001101010001
1110011001011110101100010
0100101110010110010000000
0001110001101010100111100
1000011100110110000100101
0100010011000010001100110
0110100100100001001010001
0100100110000101100100100
0100100101011101101000111
1010001001110111001001100
0000110000011000100111011
0110111100010110011001110
1001111001110101100101101
1011010010101101111011110
0010111010000011101111001
0110011100011010111010110
1100011111000100000000011
1001110101111001111110000
0101110011100100000111010
1101000110011100111001000
1000010110111011000001101
1100111110111101111100111
0010010101001000111101100
0001010101011111011011010
1000010001100011110110100
0011100101010001001001011
0010010111100000111100011
1110001001000100000010100
1010110010001100100001100
1011001011111101000011010
0011100111000111010000001
0100110101110101111000000
0010001000001010101100110
1011110101010000011111110
0000100010010010110100011
0111000101111010111000100
0000001111011000011100110
1011101110001101110101001
1110000101011101100001010
0100101100011110001100100
0010000100100001110111010
1110001000110100110100100
1111111101001001100110111
1100010001011001110001111
0001001011011011100011010
0011001001111111110000100
1000001010011100101010110
1110110011010111010111101
1011110110111011101010010
1100111010100100010010011
1100111101000000011010000
1110111011110010110000101
1111101011110001011010011
0010110101110011010110010
0001001101010011010011000
1000011111101010100101100
1101010110101100001110101
1010000001000101100110000
0010100100010010110010010
0100111101101010010111101
0100001101110111101111110
0001000101000001110110011
1111111111000001010001010
0100010100111100011110111
0110101001110111111011111

Greedy Output:20
