25
1000
0101110101111101000111111
0011100000010100101100100
0011100011010011010110000
0100001110010110011010001
0101110110100011011100011
0010011110110010111010001
1001011011110010010110011
0011001010110000010110101
0101001000011001000111000
1110111011110101101001101
0111111000111001011000111
0100110101010100100001001
0001101100111101011110000
1000100001000011010111110
0010110010111111111100000
1001011101000111111100000
1100001101001001001100111
1100010101101001101110110
1010100101000011110001100
1110001010111001101101010
0001111101110100011011000
0010100011111001001001111
0110000111000011100101100
1011100101001101100001001
1100001100111011000010100
1100111101001101111000101
1001101100000100010101000
1001111010000000100010011
0110111000111011100001011
1100101100111010001110101
1110010111110000010111101
0011010100001110011001111
0101100100001000110110010
1001110011000010010001010
1111000001110100011001001
0111000001010000101011011
0000010101011100101111001
1010010001010111101000100
1101101000101011111101010
1000110110101111011011100
1111110010010100111101101
1000100011111111010001000
0110100110011011111111001
1000001001110111010100010
1100110111101010101110110
1111100000011110100000011
0000011100111110011011101
1000110010000001111111100
1100011100011101101010100
0110011111010101000001001
1110010100100100101111011
0011111110000011100011000
0101101011101001010101110
0100011100010001010101000
1110101101010011101110101
0101001011001011111010101
0101011001001000000001010
0011110110101010101011101
1100110010011011111001111
1100011111111111000000010
0110101011001101100110000
0111101110010010111010111
0100011100001010100011101
1101110101000000010110001
1001100110000011110110110
0101010001000001100111010
0110100010100011001000001
0100010101011110011101111
1110101111001010011010100
0011000111011010000000011
1101010001011001011101000
1011100110010011101111011
0110010010010001001011010
1110001100111110011000100
1000010110110111000010011
1110010101001101000110001
0011111001001000101001010
0000111010011100010001001
1100000011111111011110000
1011100110001101010000111
0011101010010001001101011
0100010111101000001000100
1101101010100111011001010
0110000010101100011001101
0001000011011101011010101
0011010001001101011000010
1010011101001011010000001
1011001110010101010010111
1001001101101110001001010
1000100011100000001100100
1010011000011110100011010
1000001001110001101010011
1001001101101110010011011
0110001100001101010001010
0000011101000011111100100
0100110010010001000110100
0110000111001001101011011
1101101001100010010100011
0110000100101000000101001
1010011010010111010000010
0100110101011101000011100
1101000001111101010100111
1000101111011011000011111
0000101000110011110000111
0111100101110010110010111
0000011101100011000011110
0000111111110100100101011
1001100010111100000000111
0001101010100000101000001
1000011011101101101111000
0011011010101010001001101
0111101001000110001110111
1100100010010010010100000
1001100000111101110111111
0110000110010101101000000
1101010111111111100000100
1101101001001100110111000
0000001011010110010111011
0000000011110000001110001
1101011010000000011010110
1011001100110111111101111
0001110000110100000110001
0110000110111011110110111
0010100001111101001010001
1111011001100101001110010
0101010001011001010100010
1000111000001100101111000
0000000001111010100010111
0011001111001110001000010
0101111011000000100001110
0000111000000110000100011
0001011100110011010011011
0111111010000010101111100
0110101010000111100101001
0011010111001100111101011
1001100111100001010010011
0100110000000000101010110
0010000001111000000011011
1101011000100101010001010
1010000110110100100100000
1101111011010110010000010
0111110101111001001000001
1111101110010111001111100
1111001110111010001011110
1100100101100001100100101
1101011100000001001011101
0100000010000110011001110
1100010101010010010110101
0111111000101100110111100
1010011100111010100011100
0010011010011001111111001
0000010100111011111111101
1111110010111001001010011
1000001111100000101011000
0111011000111110011000111
1110001011101101110000110
1010001101101000110110110
1111101000010100011001011
0011011101011001110000110
1100110011110001001011001
1001100101011011100100110
1011101011011011101011101
0100000000001110001000000
0010011101001001101001000
0100011101011000111100001
1001110110101100011101001
1100001011011101101001000
1101010010011010011101011
0011100001110111100001010
1011111111101101000100000
0101101000010001111111111
1000100101100101001110100
0100010001011000010100110
1110101111011101111010110
0011101101110011110001101
1100001111010101110111110
1001110101000010111111000
1000001001101011111011110
0111110011001010010001011
1011001001000000101111000
1011101000011010111110001
1110000000011000100010011
0011100011101011011111000
0110010011001110100010111
0010100001101001100000000
1101111100011111110101100
1101100001111011000101111
1100010001100010010010011
0100100000111011010111000
0110110100001100110101101
1100100101111010011010110
0000010111000001000010010
1001101011011000100000100
0110100111100011111100011
1010101011001001000100000
1000100100001001010111001
1001101010011100111111101
0110101101100000111001000
1101001010100000100110001
1011110001010110110111011
1100010010110011011110000
0101001111001110110111101
1100010000100000110101010
1111000001100001001011101
0001011101110000010111010
0110100011010001011110010
1111101101011000000001111
1000100010101110101010111
0111010000100010101111110
1010100110001000100101101
0010110110001001000011100
0001010000011011011011111
1010011011000000000100010
0111001011010101111101110
0111100111000101101110011
1010010100000000011001111
0011100000011101110000010
1000011000000000010100010
1011001100101101000101011
1110100011100111010010010
0001100110000000100110101
0000000100011111111111100
0000110100010011111111011
0111001010001011010110000
0111111101011001001010101
1101101000100110100000010
0110010010110110101100010
1001101001001110000001011
1100101001011100111100000
1110011010000110000101111
0000011001110011110101010
1101110100010000111010100
1010100011100110000001111
0110000111011010001101111
1111010110110011111100111
0101100010100110011111100
1010001000111001111001101
1101100110101001100101001
1000011110001001010110100
1000111010101101010001001
0001110101010000000001100
0010101011101111011001000
0001011100110101111111000
0001001001101010010110110
0011010100011011011111001
0010001110001110001010000
0001110101001000111010110
1110011100011000001000010
1101110010111001011000000
0001111010110100010000001
0011010101101100011001101
1110000101011101000100011
1011111110000011010111000
0010101000100011101110011
1000010001011100001101110
0000000000011100111101011
1110101010101100011101110
0001100111110110000011100
0111001101010111111011110
0000110010000011110010101
1100110001011110100110000
1110101111101101010110100
0100011111111111101000011
1011010001010100011110100
1001111011111001001001101
1100001111000010001101001
1000101000110010010100000
0011010001100011010110010
1101100000000101000110101
0110001101100110011110110
0101011001100000110101110
1000010001100000001010010
0000100101100101100111000
0110011101001001011110001
1010111100010111111010101
0000111001110110110011001
1111101100000100101011011
0000011110100010000010100
1011100011110011100101011
1111011111001011011001010
1111010110001110111111011
1000000101000110011010001
0010100100001100011111010
1111010001011010111010101
1010000010010110101100110
0110101001100100001110111
0101101111000100000011111
0110011000101010111101101
0010001001000011000000101
0000110010100100111110011
0100100110111101011000101
0011101010000010000001111
1111101000000010110011110
1011000010111000000011010
0011010111000110011011101
0111000000010100111001000
0010100101011110001101111
0111000011000010111001111
0011110000010000011011111
0101100000100000101101111
0001011001111110111000011
1111001101010010101011001
0111001100011000111101000
1100100010000010010010110
0010000000011011010000100
1000101110101110100101010
1011010100001010010011011
0001010100010111101111101
1111010010000100111111101
0001001100110001100101010
1111110110110110010011111
1111011000010100111101100
0010011000110110100110111
1011100010010111100010100
1101001011101010000000001
0111001001010010101101111
0111010000101010100000011
0101111001111000001000111
0010010111111000110111111
1110101011100010110001010
1100110101000001110011100
0111000001001000011011011
0011011111000111000010111
1000001011100101110100001
0000001100011111101010111
1010011001011011011111011
1010110000111010010001101
0011100101101111111001100
0101010010110100010100101
0100011001000010011110111
1100110101110111001000100
1011111011111111101000111
0010101010110010110101011
1111100010010000010011001
1100011000001001101011100
0000110101000111101111100
0101110000000110011100101
1101111001001010100111101
1111011111100100110111001
1101011111111010111001110
0010101111010000100011011
0111101001001101111010111
0000001000000110101101011
1111101010100110110111011
1111100110111110001100100
0100010100000010001010111
0101110100000110000101001
0010110111101101010011011
1111110110001101000010111
0111001001011100000000100
1111001101010011100100111
0111101001110101011101100
0110010000011111001100000
0000000011110010100100101
0001010000100001111100101
0101111101000010000100010
1011001001100001100010111
1010100111010100101111101
0010011001101101000100100
0110110011001111101010001
0101001010011010000000101
0110100010010111101111101
0110100010001011111110101
1001100010110110110101110
1011110101101011010011100
1000001110011110001010000
1011101110100011010100101
1111001111111001000100011
1001100010101110111010010
0100101011001011111000100
1000111010100011010010110
1111011010110000111110001
1101000011000110011000100
1001000001011001011010001
0100011101001000010010111
0111110001100110101011001
1100100100100011000101101
1001111110111001000110011
1100001010110111110000010
0011101100001100110100111
0110111000110001100101001
0111110010110100001110111
0001001101111111111111110
0110001101001010100100110
0011001100000100111010111
1010101011100001001110000
0001111111111010110101010
1011100001111111111001110
0101110011100101011100010
0010101000001001011100011
0111000010010001110011011
1101110110001010001101110
0101001010011110011100000
1001011111110111011100110
1110000001100101110100100
1100000111011110100000001
1100001000111111010010000
1110010000001010110101101
0000100110111000111001010
0110110111000110011010100
0110101000001000100111000
1110011100001111000010111
0101111101101011001111010
1110001100111000011001100
0001101111000111101011010
1010001111110100011001000
0011110100011011000000011
0111000111111000110001110
1001101010000010100101101
1110101001011001100010001
0001100111101011001011100
1110100000110110110110100
1011101111010110110000000
0001001011001101011000101
1001000010000111111001101
0111100011000010101011001
1110010000111101000000100
1011111101011011110001111
1010000100100111100110010
1100010000101011101101110
1111000000101001001100011
1101111001111101001110101
1110101010000111111110001
0011101011100001011101111
0001010110001111011010110
1101111000001110100101101
1010101011101010111111011
0011100001010011101111000
1101110101111101100010110
1110001101011110111001001
0101011100111110100011101
1010000110000101000100000
1110101110101100011001010
0000101101100111110001010
0010110111001010000101001
0000101101110010100100001
1001011010010101110001000
1001110100011110001011110
0110111110011011010110011
0000101010111111001111100
1100111100110001110110111
0011001001101010101110011
0110001111011101110001011
1100100010110010110011010
1000000100011111110110111
0000011101100010111011001
1100111011100100111100101
1100111011000011011001011
1000010010000101110001101
0110110110111010111010010
1100110110010111001001100
1100001001101101110000111
1111001100010010111111111
1011001010000101101001011
0011110011110010111110010
1000100011110111011101100
1010011001011100001100111
1001111011011010011010000
0011000100111010011001010
0011110110111001010000000
0101101101011010110001110
1011011001001001011111000
1000001111010010001110001
1010101111011010000100100
1101100101000100111001010
0000010011101000011100000
1010111011011100010100001
1110011010011001100011101
0011100000110110011001000
1001100111010100110100001
0100101111111111011000101
0011001010000010010010111
0000100010010100011000010
0011011111000100001011011
1011001100101001011110011
0001011100100010111110100
0101001110101110010101111
0001000110110110100010010
0100111101101011111111000
0101011011000110001001110
0010101100100110101100011
1001111100100001100111000
1010010010011110101100100
1010010011110111010100101
1101110110101111000110100
1011110100010111111011111
1001011000000101100101111
1111101000110100101000101
1101001010010001000011100
0100000011101110111011110
0110111010011000010111001
0100110101001101111110101
0000011110000001010010101
0011011111111111000110000
1101111100111001000111101
1000100100111001110000000
1100110011010010100010101
1001110000110011001011000
0101010101011001000110000
0001100010110111001101000
0010010000100101001101000
0110111010010001011010011
0010000101010011000100101
1011111000011010110111110
1110101110010001111010001
1010001011011100101101100
1001000000100101010001000
1111100000111111011100000
0110110011110111001010001
1100111110101100100000010
0000100111001000001001001
1110100001111110101110000
1011100001101010101101000
0001010101101011101111000
1111110000001110011100000
1111001101000100000110100
1001110011011110100101111
0100000111110101110011100
0000100001011110110101000
0001000111111101100011111
0001001000010101001001001
0101010110101100010011010
1111010011000100000000011
0111001101100010010011001
1111100111110001101110011
1000000000111011001001001
1111010000010110001110100
1000100011011110101001110
1001101101101011010110101
0011110011100001011000101
1001110100011001110011111
0101010111010110000011110
0001101100010101000100101
1111100011101100101011011
0000010001100000010000011
1011011011000011001110001
1100101001001101100111010
1111010001111110111001000
0000111010110001100001011
1111100001001101001110100
0010001010101000011001111
0100111011010111001110111
0000000011100011111101000
0111011110001111001000100
0001101011110100110111100
1001011110001000000011011
0101011011001111011100100
1101100111001100100010100
1000001111100001110001001
1001111110110000001100101
1110111111111000000110111
1110000001110111100100101
1111110010011111001010100
1101001001000111010001010
0011110000111101010100000
1101101010000011010111110
1101111101011101010100011
1010101011101010010111101
1100111011110111110000001
0000100010011000100111001
1010010100001010110001001
0100011111010111001110100
1101100101100100000001011
0110101000000101111010101
1110100010110001000110111
0001101010111010010000000
0111100100101010000011000
1100111110001010000111101
0101110010101110100111101
1111111000101111001101111
0110100010000011001001001
1001001001110000100110101
0111100101000111010111010
1010111110011010110010101
1100000011100111001010100
1000000111110111111101111
1101011010010100000010000
0110101110001101011001101
1110001010010010110101101
0110101001010111111001011
0101010101011000110110000
0111010011010100000010001
0011010100001100011101011
1111010010010110101011110
0100111000010100110010111
0100011101010010100111101
1100010111001100000100001
0101100000101100010011111
1111111001001011000110011
0011010000010111010100110
0011010000000110111011000
0101011110000011001010101
0101110100101111110110101
0000010110001001111100110
0101010011100111101111001
0011100001101100010111111
1111100011000111010111011
1100100000101001000000111
0110101000010110010101010
1011110101001100101111110
0001010010100100010010001
0010100010101100011110110
1111001101111101101001011
1011110111111111110000011
0100001111000010010000110
1000101000111100010001101
1011111010010111100111100
1110011101110111110000000
1010010111011000111101010
1111100111010010010111000
1110000100000001001111100
1101100111101001111000110
0101010011000101111110100
0000011110101010000100100
0010111000010111011001000
0100101010100010001001100
0111100000101100110001111
0111101001001010011111010
1001100001000101111100100
0111110100001011100011000
1101011100111011101010000
1100111001100000001101011
0110000011110100110101000
0000000111000101110001110
0111110100000001010010110
1100101011010011001101010
1110100001000111001011010
1001011001100110010100101
0010110100011001011101001
0010100010101000110000010
1011111101101000011100001
0001010111100111010011100
0011011101100011010000101
1100010110110111001110110
1000011011010111101010010
0001110000010100101001101
1001101000110110010011011
0011011001001101010110011
1000000010110011011001010
1011000110010010000000101
1010000111010111100011110
0100000000011001000011101
1011011000110000010001000
1000000001100110100101011
0010100100111110010011110
1100110110001110111100110
0111101110110001000110011
1010110100110100101100011
1001111111110000111100111
1001000010101110000001011
1001010101010111101011010
0110110001010100001101000
1110111011010100010111010
0011111001100111011110001
1000000010111101111110000
1001100101011111100010001
0011101001100110011111011
1000111100100011110001101
1010010110100011111101001
0100010001001111000100111
1110111110110001011101001
1001101000101111101101101
0011000000111101001011011
1100110101010100110010101
0110011111010011111000110
1101110100011100111001110
0001001111010101000011111
0100010000011011010010011
0000111100000011001101100
0001100111011010001100110
1000000000001101110101100
0111011100100101100001101
1100110000001011010110110
0011110010010010101011111
1100110101011101110110101
1100011111100000100100011
0010100011010111010001000
1100010000110010101100110
1001110100101010110010111
1111001110010000100000100
1111011111110011111111011
0011011010010110001110000
0100111101100111001111011
1101010110110001010110010
1000111000000000101010110
0100001100111110000101001
0010011010011110011111000
0001011100011000001011001
0101101011110110100110100
0110101001011000110100000
1011101000101101010101110
1001111100110011000100111
0001011110101100001001100
1101010010010001110000000
0111111111100011001010001
1011000011000100100001001
1001101010011101000010101
1111000010101100110110000
0111001010101011011111001
1010101100010110000010110
1010001100001100100011110
0111111001000111110111101
1111111111111000001110100
1000111000110111000111111
0101110101010001101111101
1010100011111000110110001
1101100110000100010100000
1111101001010000101101000
1110011010011010101111101
1000011001100101110011100
1110110000100010010100010
1111100111110001001010011
0110110101000000010111000
1101101011100011000101001
0000001000110100100111100
0001000100101000111110010
1100110000110110100111111
0001101011110100100111101
1100011111000111101111011
0100001000110101111000111
1001100011010010001100110
1000001110110000001101001
0000101001001000011011010
1100011111011000101100100
0010011110110010011010011
1001100010101001110001111
0100000000010001101011101
1000000101000011110001001
0001010110011010000111011
0010011111001110001111011
1110000100100000011010101
1110100000010000010000100
1010001010000011101011111
1100010100101000010110010
0000100001110000111010111
0110011011111010110110010
1000000101101001111000111
0101001100100110001001010
1001101001011111001001011
0001100110111000101011111
0000100010001000001111101
0001000011101110111101000
0001000010000111110101101
0100111100111010001101011
1110010100011011110010111
0100001111100011000000101
0101010010001001001000011
0000111000101111001000100
0010000010111001111010000
0111111001100001101110001
0011000100011111011000001
1100001001001000010011100
0100001011111110000111000
1001010110010000100000000
1011001100100110010011001
1011000100001101101111101
0000001100011001101101101
1101101011001011101010010
0111101100111100111111100
0111000110110100001011110
1101011000011110001101011
1100111100101110010110111
0011010010101010010001101
1011011001011110111011111
1100000010100001001111101
1110011010010101100010001
0111100101011111101101000
1011011011001101010111110
1010001110100110001000101
1001101101000001001101000
1010111000000101010011010
1001100111011111111110010
1010101110110000011001011
0011010110000111010011000
1110111010110100111101100
0001110001111111101101110
0011111011110111011011001
0001000100011101011010101
1001010011010000001101010
1010011000100110010111101
1100101000001001010011101
0101111001101011010110101
0010110111111000000011001
1110101100101101000110101
0000110010110111100001000
1101111111001101001100000
1110010010110101000011111
1001011011001011100100111
1011101110000110010011100
0000111000110000100110101
1101110001011101101111101
1101011100000001010111111
1100010111001000110011011
0101000101111101010110101
0000111101100011111010101
0010001101011110010101011
0100100101110010010000100
0100111110110010111011011
0010000111111000001101010
1110111001101011111000010
0101101100000101011011001
0010000110111010010001001
0010001001110000110100001
1001101001011001101001011
0001101001001010100100011
0110111011010110001010101
0001000011111011010111001
1101000110101010101011111
1100100101101111101111001
1101001111010000001001110
0010111110011110001011111
0100110011001000000010010
1001011011110001010100111
0000001010101110111000011
0011011100111011110001000
1000001100001100000111101
1101101011000000011100111
1011100101101111110010111
0110110110000101111101010
1111001010010101101000101
0101100010101101010010001
0001011101010000001100101
1001100100010000101101011
0000000111010010000010101
1010001111101011101011111
1001001010010010001010111
0110100001110001101001001
1100011111110001100011110
0011111001000110101111101
0111101111010011000001100
1010101011010010010101100
1100001100110111110001010
0001001100111000110010001
0010011101111001001001000
1101011001000001011110111
0011100110000001110011000
0111110000010100110101011
1010111010100010000110011
1001111001001110011110010
0001001001011101111001101
0100100101011011111101110
0011111101010100101001000
0000111110010000101001011
0010110100110000101001011
0111000000010111010001000
1001111001011001101111011
1001000011001000000001011
0100010101111110111000011
1001110000011001101011111
1110010000101011101100101
0111110001100111101011110
0110101101000001011111100
1000100010010110010000000
0000000101110101001010101
1010010000101011101101011
1010100011010000101110100
1010100110011011011101011
0011011101000010001001111
0101000000110010101001101
1110000110100011110101001
1110000000000101111011010
0100011101010111110101011
1011011010101011111000001
0001111100110111011001000
0101101101011110110100010
1010000000101111011110000
1001110111010000001101100
0010001100100011000100011
0011001001000111001011100
1111010111100011000001110
1001001110100001110000110
1000001110111100101101111
1111110000010101101011101
1011110100010110000000001
1110100001111011100111110
1011100000010001001011101
0000001001111110010010011
0110010100110000011000100
1110010110101110010111100
0000101100101101011000001
0100101000101011001100001
1000011010100001101110010
1011100000011110100011101
1110101011110011111101011
0100111101010000011011100
0011101011101100000010000
1000001110101001011000011
1111011101111110010100000
1110011100111010001101010
0111111011100010001001010
0001110110011101010001000
1110010100101101001101001
0110000110010011010101111
0001101000011011110010001
1100100010111100100101111
1010111000011101010001111
0000010111000101000011001
1101000100101000010100110
0001011111111010101000010
0000110100110110010010011
1111000101111100011111000
1100110100010001100000110
1110000110011100101010000
1100110111001011000011011
1111010010010010101010000
0000010011110000001000101
0000001101110101100010101
0011100111000010101110011
1110110001001101000000110
1111111001000000011100010
1110110001000011011100100
0010100101111101011101011
0010000011101000111011011
0010110010101100000000110
0101100001011101010010001
0110110000010000010001100
1101100100111100101110001
1101101010001011101000110
1111110010000111000000001
1011011011010111111001010
0011111110110100100100000
1001110000101010001101101
1111000111100111111011100
0110110001101100010001100
1010010100100101010000001
0001011110111111000000100
0000010101100011111100010
1000100101110111011111111
1100001011110110000011111
0010111110100111110110001
0111000011101010101000111
1000000111010100111100000
1111101011100001000111010
0101000111100111101100100
0011011101001010000010110
0110100010101110101111100
1001101001111111001111110
1101101101001111010101001
1111101001011001001101000
1111110000100010100110101
1101000100110111110100011
1001111000111000011111010
0001101010110011111011110
1011101010010000010100100
1110001100110100101001100
1100110000110010100011000
1010101111100110101111000
1011110101110101000101101
0000000101011011011101101
0001101100011100110011010
1000110010100110111000010
1000100110101110010011010
1110011101100111100011110
0101010001100001111101111
1011011100111000010010010
0000111001001110010001110
0001100101001010111001001
0010010000111000111110000
1101010110010100001001101
1111010010000100111110001
1100001101001010011100110
0010011010110001100100000
1100010110010000101011100
1001101011001110010001000
1000001101110000100000000
1101000001001010110111000
1101100000110001100100110
1001001111110101011111111
1010000110110000001000101
0011011000100010100010000
0100100111101100111110111
1101001010100001001000100
0100101110011100010110100
1110110101000100111000110
0000010101010011001110011
1011100100100110101111111
1010101010000001000010011
1011011110100111000001110
1101100011101011100001110
0000111110111101000110110
1010111001101011111010111
0001000001001101111101110
0100011010001000100110110
0001101010100001101101000
1010101100001100011100011
0101000100101101010011010
1011000110101001001010010
0100000010110000111000001
1011010110110100001101011
1001100111110000111111010
1100111111011010110011000
0110010111110001110110000
1011011111000001100010101
0100100001110011000011001
1111001001010101111101101
0101011111010011011101010
0110011111111011100110101
0001000000110111110011011
0001010101100000011111110
1001010001001100101011011

Greedy Output:19
