25
1000
0001111000011001101000001
0100110000000011101000010
1000110111101101001010101
1110000011011010110000101
0110101111010100000001001
0100001001000011000010100
0101010101011110011110011
1010100000110000110011011
1110111011111001011110111
0110111101110110001000111
1000110000001110010100111
1100011010000001111111111
0111111001110000111011000
0100110011100011110011110
0001101101000001101001101
0001010010111001110111101
1001101111111110001001110
1011000100001110000000111
0111111101010000110111001
1100101001101011110000110
0111001110010001101100001
1100100111111111100011010
0010011101110010101001001
0101111101101010010010010
1101011110101100110111110
0111111011100100011110111
1101001011100010011100101
0010110100110110110011001
0101001100001111000101111
0011111100110101100111100
0010110011110111111000100
0110011110010001111110000
1001100111001000010001000
0110000010101111001000010
1001110100000100110111011
0010011000010111001111110
1100100111001011011100001
1010111010000000101101001
1001110101010000101011010
1100101100101001010011110
1001000110010100100101000
0101011101000101011111101
1011111000000100111111110
0111000100010011011101101
1000001011001010111110011
1111000100010010001010110
0011000111110001011000000
1000011110100000111101000
0000111110010010110100100
0010110101000110101101100
0000100110010101111100001
0110011001000100010010010
1001110000101100101110010
1001100000101010111011001
1011000110001000011100000
1001001010010001000101111
1001100011111001001001100
1101011010000110100011111
1101100010101010101100100
0110010010010000000111110
1111101001111011000101001
0011100101111110001101100
1110010010000000111101111
0010101111011110010010000
1111101011100011011010010
1101000111101100101010001
0000111010001111101001000
1011011101101011100001111
0011011101000010011110110
0111001000111010101011100
0001101100110110111100010
1110011100000011001110010
1000101101011011000001001
1100101101100110111011011
0100010100000001011010010
1111001101101001011011110
0001010010101000101001001
1011010100010010100111111
1111111100000111101111111
0000110000111111000010110
1101011001001111100111011
0100111111100010101010010
0011101110011011011111111
0010011101111100000101101
0001001001100001001111011
1011011001101110010000100
0111011001100111100101111
1001010100101010111100011
1110000011110101011001110
1001011101100001101101010
1011011010010001101110100
1110111001111111101010100
1000001101100010100101111
1101110100101010110111100
0011100110111011110001000
0101110110110011101010010
0010010111010011000101111
0011000100010100001101111
0001000110101100111100111
1110111010100111100111111
0111000011100101011011100
1101001110000101110110000
1000111000011110101001111
1001110111010100100001011
0000110010000110101010000
0100101010000001000000101
0000000101001111100100110
0000011110001111100000011
1011100100110111101101010
0010011000110011000111000
0101100100100111000101100
1110001000101110010100011
1111100011111000101111110
0010101111110010110011110
0000011100010001101001011
0110010100101001000100000
0101011111100110001011011
1111011101101000110110110
1001001001001011111000001
1100100111101110010101101
0101110110001001111000011
1001111110010011101011100
1110111010011111010101100
1000100001000011001110100
0001110100001001001000011
1101010111111000111100011
1101000010100101001000110
1111110010010000011100111
0010100110111110100001100
1010101101111001101000001
1111000110100111000011101
0001011111110001000100101
0100001001101100100011101
0110110011001010111101010
0101110000001111000010110
1100000001010100101110000
0100111010101110001100100
0011001011000001001010001
0101011101100100000011000
1011111001110001101101100
1110101010011010111111101
1000001110110001110000010
0001001110000011101000110
1100110001001001010001100
1010010001000001111000100
0100010100100001101111010
0101000100111000000001000
1011000110001111110111101
1111001010010110010111100
0010111000101011101111101
0001000000110100100001001
1010001100010000000001000
0100010101101010000110000
0111001101101111001000110
0101010011001001011110111
0100010101001001010001110
0101110011110101011000010
1000100000000101010001110
1101110000010010001110110
0010100100100011000011010
1111001110011011100000000
0101111011101110110110100
1100101001111000111100001
1100001001011010110111110
0100000110101000011011100
1010101010011000010101101
1001101000101010110101110
1100110100100100101010100
0001001000101011011010100
0001001011011100101110001
1111111110001101100111011
0010100011101100111010010
1010100001011011000000100
0011101101010001011000100
1000111111001100100001010
1000011000001011111001110
1101010100110111010101110
0100010110000111001000000
1101011111101100101111011
1111111110011101011110101
1110011000010010011110001
1100011000000100110100111
1110100100010110011101101
1011001101111010010111100
1111010110001100100100000
1110010100000100001001111
1101001111000011111110011
1100110001010000100101001
0100001010110000101101010
0001010010111011010000010
0001110010101100100011011
0011101001000111101111011
0111000001100101111001101
0000110100011100011101001
0111000001011001111001100
1011010111010011101000111
0001100010101100110110010
1010000101001100010101101
1001100100100100011100111
0111101110100000100011001
0110001011000010000100011
1011010001010011100000010
1111110100110000011010101
0001001111000001110111110
1001110000101111001001001
1011111010111100000100000
0111101101011100011110011
0011100010010111110111111
1111100010111000010110011
1000011000000011011011010
0000000010110001110011011
0011011000111100010011110
1000110000101000111000000
1110001000000011010000100
0010110010000011101010000
0100001110001000100001001
0101100011010001111110001
0111000101101111111011001
1001000001100111010010000
1000100011110110001010000
0000110000001011001101110
0110111001111111001110101
1110001100011101111000111
1010010101001011000100001
1011100110010110101100000
1101110111100000100111001
0111100111010010110010000
1111111000000011111000101
1000101110000011010000001
0100000010110010101011010
0000100101101001110000101
0001100011100010010001101
1101100111010011100100001
1100100110111111010001100
0110000011011111101011010
1000011110100010101011000
1101101101110100000100011
1101000111101011110001111
0000100000000101111010110
0110000110001100000001010
1011010010110111001100111
1101110111111100011010000
1101001111000001111011001
1011100100100000001010101
0111100000010011101111111
0101101011110110101010011
0011010010111111011000000
1110111110100010010001111
1010101011010001111111010
1111010000001011100011111
1111000101000101000111101
1110001001111001111110101
1110001001000101001001001
1101010001110110000110001
0111010011001110010000000
1110111111110001101110111
1110010000101111110010111
0101011101011011110110000
1010100111100010110100101
0101011111111000001111001
0011110011010110010001011
0010100111110100011001100
0010100111001011001101010
0100101001110100011000001
1011110001101100001001101
1011011010001101101001011
1111111001001100011100110
0101100100100010010011000
0000110111001111011000101
1101110001111010010110100
0011001101010111111101011
0011011010011000010100010
0000110000011010011101100
0111010110100111110110000
0000010101101110111111101
0100101000001001000011110
0110001110000011011111011
0101001000001001000111001
0010111101110000011000110
0000110101011000011110110
1000100011101011010100100
1001011111101000101011101
0101110001110110001101101
1011001010011110010101011
1010001011101101110101011
0011011011100101000011011
1010000100110111101110110
0010101101110011110011100
0101001101110100001110110
1100110010111110101010101
0010111000001110000100111
1111001010010100001010011
0001001011001111001110100
1001000000101111001001111
1001111100000100000011001
0101110110111110011101111
1100001110110000110001011
1101101111001100100010010
0001111101111100100011100
1100111111000111011100111
1000001101011111011111110
0110111110001100001100110
0010000010011011001110011
1110101101110010110011011
0001100110001000110111001
0110011010100111111101110
0101011001011010100010100
1111000101101010000011101
0011110010110111000101100
0000000101000101000101110
1100111001110010011110001
0000011110101011001011011
1111101101111100011011111
0111000001000110011100011
0001110001110101001010001
1010011000101001001100000
1011111000001010011000111
1100101101000101111010111
0111100111010100010101000
1010011100001011111010001
1010001001111100011111001
1100110100111101000010111
1011011101111000010010000
0100110100010011100111000
0100100001001111101101000
1111000110101101010110111
1011111010010011101010100
0011101100010110100101110
0111001011110101010111110
1000000111110111101001001
0101001011001100011100011
1000010110010001101110010
0101101000000000011001010
0011011100010101100100001
0011011110001000101111001
0010001100010101101110001
0011101000010001011111001
0011100011000111010010111
0001111001000010010011010
1010000001011101100011011
0100111100100011000010110
0001001111011101100110110
1011001101110011100100000
0000111000101000100000100
0001100010001111011100001
0010011101100000000000101
1110011000110010110110000
0110000010001111001000101
0001000000011100011100010
0111001010001010111110110
1001000000000110100110010
1000101110100111100101101
0111111001011101001100110
1011001000100111001011111
0011100111110110110001110
0110111101010101110010100
0001010010101001100011111
0010011101100000010001110
0101100100000111001100000
0001100101101010000110010
0100001110111001001111001
0110001000011011111111110
1100011010001001000001110
0010100100010111011011111
0110000011100111100011001
0111000110101111111010010
0101010000111011100101010
0000100110001111011011001
0001110110000011101110100
1101101100100011010001110
1000100110111010010110001
1110010001010100011000000
1111110000011101000011110
1010000001111000010111111
0100011100001100111011000
0110100000100101100010010
1110000010011011100101111
0110110011000010111010001
0101100000100010011111010
1011011111000001100110010
1101010100001111110101001
1110010001111101111010011
0010000001011111001001011
0011010101100110001011101
1110010001111101110101110
0011001001010010100111100
1010000011111001001101001
1110001000011100100100011
0010111001110001101000100
1010000000111001101000011
1011100010100010100100111
0010110110111100111011011
1011001110101101001011011
1000111010011011110011001
1100001111111101111001101
0010111111001110001101011
1101010111010110100111100
1100110011011000111100101
1010100000101111111111101
0111100110010010000101101
1001110010000000111110000
0001001001000011001100011
1110100111001101011110111
1101001101100010111001111
1010100111011101101011100
0100000111100010001100100
0110100001001001011001111
0111010010000111100011010
0010000111010100011111010
0001001010100100011011010
0111010000010101010110101
0100111011110101111011011
0100100110001000110100001
0100000011000001111100010
0110101011101111100011000
1111110111001110000101110
1001010111101101011111001
1010011101110111111111011
0111000110011011000001001
1101010111100010111111100
0010100110000110010100110
0110000101001010010110001
1101111010000110010011011
1110100010100010100111110
0010011011000010000010000
1011110110110110101010100
0101010000111111100110011
0011100101010000011010101
0110010000101010010000100
1001010110100000001100011
1110001101101000111011001
0010111110010111010111011
1110110110000111000001101
0110011011111010010001000
0111100100010010100101011
0101110101011001001011000
1011100011010010011101111
1000110100100011111111100
0111000000000010101101101
0110100100111110001110100
1010011010111000001000110
0110110110001000010111110
0000110101111100011100001
1001100100001001100011110
0011011100010001110101000
0001110101100000001010101
0001000001101000111001110
1000100000100101111111010
1000000110100011111001101
0100001110011011010001101
1110101001010001100100110
0010100100101010110000010
0100111011111101101111000
0000111000100000111110110
0110111110111001100101011
0011110100011111110010011
0100001001111000110010110
1011001100000000011100100
1001101101001001010000111
1011001010100000011000010
1010010010111011001011100
0100110111011011111110000
1101110001011100011101001
1010100110110101111010011
0100101001110000001101101
1110100101101110011000011
1101010111100001000111100
1101001000001011111011110
0111001110010110111111111
1110101011010111101010101
1000010110111100111001110
0101100111100011101100010
1011000010111101000110111
1011000010010110111000011
0101101000110101010001001
0011101100000100111011101
1001000010100010010010101
0000011000010001101110011
1100000010100011101000110
0001111110100100001110001
0101100111011000101000101
1110000110101011011000010
0001011011000011101110101
0110011101110011010011101
0011110010111011110100000
0001010000000101110000000
0101000111110010101000100
0101000111110010010110010
1010100110101111101011100
1011010100101100010111000
1010110010001110000111111
0000110111111101010100000
1010011101001000111101000
0110111000110010111111101
0010100010101100111100110
0000011001011101010001000
0010110101110011110101100
0000110110111001100101110
0010000100001100011010111
1001011010011000000010000
0111100001000111100011011
1010101001111101101010011
0001101011000111101000110
1101010001001111111111011
1001001001011100001001010
0111001111110001101100111
0100111111011101001001110
1011101010011110111100010
1000010000110001011101000
1111101100011101111011110
1101100110010010111111011
1110001111001010110000111
1111111101110001111101001
1010000101110010101011010
0111001110010101100100101
1011001111010111101001010
1111111000011101001001010
0010111110110101101011011
1000100101110011001110000
1101010001011010100100011
0100011011100010110100100
0010101110001101000100000
1110010101001100110100111
0010001001010100101010001
0101101010110011100001110
0011010111010000100011111
1010010101101011001000001
1001010011011101000111101
0101100111001110000111000
0010000011011000101010010
1010100010111101011001110
1010101110100111001000011
1001010000000101010011000
1011010011100111110010110
0001001000000101101100101
0001100000101010100011001
1100100110101000101010111
1011000101101011111000001
1000010111111101111011110
0111100111100010111010010
0100011100111111011000110
0011011101101011110100100
0010110000110000011011100
1001110100111110000000001
0000101101110010111100101
1110011110010110111110110
1100110101111111011010010
1001010000100010100111100
1100000111000111000111010
1001110000000100000110010
0011110001101001100010111
0111111010101000000001010
1101010111101010111011110
0101101000111101101010010
1011110101101011110010010
0100100111011001001100010
1001110000000110100101000
1000100010011101001000101
0110010100011001111110010
0101110110000001100111110
1110100010010001101001010
1000001111001101110111111
0011001100000111011110010
1101111000001011001110100
0011101111001101101100011
0111001001110010101011001
1111011010111100100011111
1000011010110111011011000
1001111001010101001110111
1101110011111011100110101
0011011000111001111110101
1110101111000001011001101
1011100101100000100001001
0010111000110011000010101
0110101100001110001110000
0110110001010101100110001
1110100110110111110111110
0111001000001101001100111
1101101000010011011101110
1110001110100010010100001
0100011010110010010000010
0010110011111001101011100
0100000111111111000011010
0010110011011101000011010
0101111000111110001000001
0101110110101010000100000
1101110110010101011110011
0011001101101010101111011
1000111010011011010101010
0011000010000100000000111
0011010111110101111110010
1011000110000111111110100
1110100011101100101010101
1000101011001010101001001
0100000110000000101111000
0101000111010010111011111
1000001101010110001110011
0010010100110110101000001
0011111110011011011110001
0111100011110011111010010
1101010000000100101011111
0110110011001001001001010
0000111000111101001111011
0100011011111100101111101
0101110011001001000000111
1001010101011110100101010
1101011000011100110011110
1101110001101111101100010
1101000111100110001001001
1010001000111001010000110
1110110100010100101101100
1110011000101111100000000
0010100010000110101110111
1010010110010111011111100
0010001100100001101100001
0000101010000111010111111
1101110100001001110101000
0000110100000100001101101
0010111100111100110110001
0000110011101011010011100
0110100111010101101010111
0100011000001010011011111
0110111100100111111111011
1101000111011100111001000
1000001110111101011001001
0100001010100000100011000
1101111110101010100011010
1000011011001110111001101
1111000111100001001111001
0011011010100101111111010
1101001110101110011110101
0100011011101100111000100
1111010000101010111100100
1101101110001011001100100
0000101101100011000000010
0000111110101001000011100
0100001000000001111001001
0101001010011001100101010
1000100111001001001100110
1011001100010101011101110
1001110101011100000111101
1111110100001111110001011
0000011111011011111001100
1110010110111111001011100
0010101011100000111111111
0111011000111001110111110
1101000110011101100001010
0011001010010111011111000
1111011000011110001100010
1010000101000110000111111
1101110000110101000110100
0001001111010111101000100
0010011000010101110100001
0001110010100011011010001
1110001101111111011010100
1000000110000100111001101
1111110111010101101010111
1100000111000100110001001
1101100110011110011100100
0111000001111110011001011
0000111111010101010101111
0101000010101101010100011
0100111101111111000111101
0001101011110101100111010
0000100000100011101111000
0110101101011000111110111
1011101001001100110000100
1110110011010110101000100
1010110010111110011010010
0101110010111101001100111
0100011100100010010101000
0001010010111111001101110
1100111101100001111111011
1010111000111000111001111
1110110011101001100011011
1000110110100000010011000
0011011101101100001111111
0111000111101100100011111
0101010001101101101110001
1000110100111010000110001
0101001100001010000111110
1000011111100010100010001
0100111101001011001111011
0011001000110110111110110
1100111111001111101001000
0111000100110001000001110
0011011111111110100001101
0001100011011101110110010
0111110001001100000001010
0101110011000001111110110
0110100011010110010110000
0011000111101101000011010
1100000100101010001100010
1100000110010100111111111
0101110001011000111001000
1111011110010011001101011
0000010101111111110100011
0011111111010111000100001
1110101111100100100110010
1100100010110001011111111
1100100011001011010111000
0000011101000100110001100
0001010010101001001111110
0001011000011110011011111
1100000011010110000000010
1011000100000001101100110
0010011110010001001111111
1100001001000111110010001
0000000100001011000001001
0011101001100011010110100
1111110111111110100100101
1011000101010100110011110
0010100001111101001010010
1010101001000001000101000
0011000001001010010110010
0110110100011101011111101
1100011111011110010100111
1010011001010011101010111
0101001011100001010111000
1101111101001100011011111
1111101111111110011100111
0001111011000100011101001
1010010110011011111011001
0001000101110010101101010
0111100111100001111000000
1011010010111100100001110
0001111000111001010011001
0100111011011001110010001
0110100011111110001011110
0001101111110100101000011
1110000110001111110111100
0010010010001001000001110
1001011101101100010001010
0011000010010100011000010
0110010001010001111000011
0101101000010100111110001
1101111100000111100111001
0100100110000011010011101
0000000000101000100111011
0111100111110110011011010
0111001011111110111110010
1110111101000100001010101
1000011101010000111111000
1000110101001110010011011
1100010001111100110001011
1111101101110111101010010
1110111010010111000100100
1111001011111101001111101
0101100101001010010101001
1100101101000110001011100
1010110110101000010001010
1111000110010001101000001
1001001101000100110011001
1100011000000011000000001
1111010100010101110010001
0110110010100110111000111
0100001000101001101010001
0101010110110100110011010
0101101101001110000001000
1111011100000000111000110
0000010110101010001010000
1101001010000001101011000
1010101001001111110000010
1110111100000010100110111
0100110010001010111000100
0111101011010101101100110
1000011100011101110101000
1011100111100010000110001
1110010101000100111111100
0000001111111100011001011
1100100011100001111010000
0010000011100001000000111
0000110110101100110101101
0001011010100111101111110
0111011001000010101011000
1111100100011010100111111
1000000001100100011111100
1110011100011000111100011
0110110101101001011000111
0111010100000010110010100
1101101111101110010110011
0110010001010010101101110
1011111110001000100000011
0101011010111011010101001
0011001100001111010010001
1101010111011010100111100
0011011011110110011101011
1110111000010100010110001
0110111111110110111000111
0101110000110010100010010
0101011010011011011101111
0101101101110000011011110
1101011100010100000101010
1110010110110000010010010
1000000000000000010110111
0000110111001011101100111
0100011111010001000001111
0011001011011010010001001
0100110110010101011000011
1001011101101111001010010
1101111101010001001000000
0100011010001101000011111
1010100100011101111100011
0000001010101101100011001
0101001110100000110101001
1010101001000111001100100
0111110001100001010110101
0100000000100011101101010
1111010000001000001101110
0111110100101000100110101
0000010101001011111110011
0000111010010101000100010
1000110001000111010001011
0010001000000111011101001
1101000010101011001010000
0111111010110010001100110
1101110011010100101100010
1011001001111011000100010
0011100011011110110101111
1110010111000110100111111
1110000100000111010101011
1000011000001011011010111
1011001001100111111100101
0101100000001000010101110
0010000101010110111111100
1100100010010011010001100
0010110101010110101000010
0110010110001100110111011
1000000101011000011110001
0110011101000011011010011
0011001110111100011111001
1000101110011111000111000
0111000110000110101100001
1011101001100110100110010
0001001110010111001110011
0000001101000010001100001
1111001101100001100011100
1110011000011100111100001
0111000110110010101000111
1000101110100011001111001
1000011100001100001000000
0011011111010010001101010
0010011101010000111000000
1110001110010001100000011
1100000110100111111001001
1001100111110010110100000
1101110101110000101010000
1000000011111011001011001
0010110001010101111100101
1110000110011010100001111
1011010010011111101110101
1001110101001010000101000
0111101111000001110110101
0111011110100110110001010
1100010000111111011101001
1001001100001000000101100
1001001110001000011111010
0011101110101111000110110
1110111111000101110001110
1100011110110001101100011
0111101111110111110110111
0100110000101001101100000
1101001010001010011101011
0101100100011001010111010
0100100000011100011010000
0000011111111010010100001
0110100000010100101001000
0001100100001111111011110
1001011000110001101011111
1000101111110100000011101
1110001000000000100111011
0000011110110101101101100
0000000111010011110110000
1011010101101011100110101
1100100110110010001011001
1011000100110000111010011
1111100111000010000110000
0001000001000111001001000
1010110010110011100101110
1011110100001001101110111
1011111001001100100010010
1100001110100001111011011
1001001011110111011000111
0111010011110111001111011
1001101011100101110010101
0110010000001011101001010
0011100111111100001011000
0000101110011101100011001
1111001001010101100101000
0011011111101011010101011
0000101111101001010100001
0100011011100110101001011
0101101101000111110101011
0101000000010001000111101
1011011101001110001011011
0000100001011011110000110
0011110101110001100011011
0010101110011100101001000
1100101111000001110111010
1100000001011011111010101
0111010001001001111011001
1010011101010100010100110
0100110111100000000001110
0011111011011101010011110
1011001001100100000100001
1011011100110000110110100
1111011011110001101001111
1001110110111110000110100
1010000011110011101111010
0000000010010011000000011
1000110010011100110101001
0100111101010100110000011
0001101001100010010000110
1000111000101110011100010
0110110001011111000000111
1111111100100001110111100
1000110001111101100100001
0110011101011010000011011
1000011001011011100100001
1001000010110111111000001
1110011110000010100110100
0110111100000011000011100
1010000110110001100110110
1110011110101110110100111
1100101001000011000110111
0111010100010000001010010
0100011110001001010011000
1100010011010000100110010
0111001011111101011111111
0101000100000100000111111
1101110101010111110110100
0010001000110101110010100
0000100001010111110000110
1010110011000001011111101
1100101011100000111111101
1111000110110011110010111
0111001101111101011000101
0101110101111101110100110
1100011100110011001111111
1000001000010100000001000
0011011101111111100110010
1000011001010110010111001
1111010001000001011110101
0011111001100010010100110
0111111110111010000011101
1100111001010101001001111
1100011011101110011000001
1100011010101010001101011
0011110111111010111100100
1111001000110000010111101
1011000011000100110111010
1101001010011110001001110
1111110001011100100000110
1111001010110101011011011
0100000100001000000101001
1000111010011101000001101
0011111111010101011001000
1111001001001001000000111
0010111111010101111010001
1111111001010011001110001
1111000101110100010000110
0111101111011110010110100
0110100010110100000111100
0100000111011000000111110
1110010010011000000011001
1111001110001101000000001
1101110011111011000111110
1100111110001011011101101
1110001000011101011010000
0011010101101110111010010
1100001110100110110011010
0110010011000111100101001
0111110111001000110100011
0011001000110010111001100
0110100111100010110001101
0001000101111010111001111
0101100110101110110110101
0100100111111010000001101
1101001011010011110001001
0001100000110110000001001
0100010111000010000111000
1010010101100000011000001
0111010010100000001000101
0110101110001101010001110
0011011010111010000100000
1101111011101101001101011
1010010111010101110010100
0001000001000111001100010
0111110000101110010100100
1011101111100100010011110
0001000110101101111001011
1011111101010000011101011
1101011010100010000111111
1101011110100010011111111
0001100000111111000111110
1100001001111000010110000
1010010111000110001100001
0100000100011010110110100
1000101101101110010001001
1100111001010001110011100

Greedy Output:20
