25
1000
0110000001101010011001110
1100011100001111111000001
1001001010010100100100111
0101111100100011110111010
0011101110101101001000100
0101100101011111011101001
1010000000100011010001010
1001110101111111001101100
0010110000111100011010101
1110100100101110011001011
1001000111101110110100111
1010001111011101101101110
1111110110010100011000011
0111100101001011100101111
0001111001011010001000101
0001100010110110111110000
0101111000011000100100100
0000110101110110110000010
0000100001000011111100110
1101100010111000110010010
1100111011101111000001000
1101000101011110111101110
0001011000010000000000110
0000100110001110100100100
1111111110000001101101110
1100001100001011001010010
0001010110010111001011110
1100110000001001011010001
1111111001010110110001111
1111100111000011000110110
1100101101101101011101000
0110111110110100010100110
1011001100100101111100111
0100000100101111101100101
1111010001001100101101101
1111101001010010111110010
0110000101000101101011000
0111000100101000111010011
0011000110011000110110100
0001111101111101011010111
1111101010101010110110010
1000000011000110000001010
0111011011100100101110000
0011100010111011011011110
0011011100100011000001000
0110011000111011010011010
1000111110110011111100101
0111000001011100101100110
0111101110000110011100101
0111010001001111011101100
0000011010101101110101011
0000111110100100000101010
1111001111101111111010011
1001100111001111000110011
1011011101001101010100110
1100000010011001010001000
0100010111001100010001001
0100111001011110111101101
0111001111011110001110010
0001110000000000000111110
1010101000110000110010001
1010110101100101100101101
0010111011011110010011011
1000100101101010101101111
0110001100000101011010111
1111100100101100100000101
1100010111101010111011100
0101101111101101010111100
1110001110111100011101110
1101001111001010100100011
0011100110110001111110111
1111100111110100000000110
0100100100101000100111111
1110101011001101110111010
1010111011010101011100001
0100101110001001100100110
1111010000001001000010101
0010111110001101001110101
1111100110101111110000010
0110000011111000001000100
1000111100000000011010111
1011000001111101101110000
0010001010110100001101011
0101111101100110010011010
0010010010101101111111011
0000101110110000000111101
0010010101111010001010001
0101110001010110011101111
1000101100100111110011000
0011011001110000110100110
0100110101110101100110011
0111110000100001000011011
1010000100010111010001001
0111011101000001000100110
1100000110111011100001100
1010111100001000100001010
1101100001101011100111010
0110000110011111000111011
0110011111100110010110101
0100000001100110010011000
1100010110011010011000111
1111110110100100000011100
0110001111000100100101101
0011001011110100011101100
0001100101001111111110100
1000011011011010101100110
0100101011100000100111010
0011010000111101010001100
1010111000100001100011010
0001110100101011000010101
1100100000110000101111111
0101110010010001100011101
0010000110000011110101010
0110001100101000101110101
1000101100001100111100100
0111010101000000111001001
1001101001011101011001001
0000001001000111110011000
0100111111010110111101110
1010010010100110101011000
1100100000010001011001101
0010011101000111011010111
0101101100010001110001111
1101000001110011110101000
0100001001100011011011100
0110011101110010010100001
0001111011001010001110110
1111001110000001000011001
1010110111111100110111110
1101010001011001011110101
1011010011111000001011100
0110001010001111100110011
0111011011010100011111110
0000000101000111011100101
1111000001010100110001011
1000100100001010001100100
0110100011111111000111101
1001011000010000001110100
0100111011000111000001110
1101000100111001111001000
1001100101010111001000001
0101000010000101011111001
0001011010011010111110001
1000000000011011011110100
1100101001010111011110111
1110011101000110010000111
1110100011010001000000101
1100010001000011011011110
1110000001011000011111101
1101110010101110010111010
0110010101010000111110111
1110010110000001101011001
1100111101010001011010011
1101100111110100101100101
0010010100011100101111110
1001000011011010001110101
0001101101011010000010010
1110110010111110100100111
1111010011011011001101100
1010101011001101000111110
0011100100101110000010101
1111000110011111110110010
1011010010010010010101101
0011111110011010100011110
0110010110101111001111001
0111010101111110110100110
1100001000110001010011000
1001100100101010001110010
1011010100011011011000101
0111010111101111011111011
1101011010100101101000100
0010101100011000011000010
0111101101101110000110001
0001101011110100101010101
1001010100110100000011010
1110001111101000001000101
0100111111000100000111101
0010100110100001001010011
0010111111100011101010001
1101010011101110001011110
1111100100010001101101100
1110111100010010000001011
1001101101110010010010000
0010011100011010101111000
1011000111111010101011000
0101110010101101111111010
0111111001101110101001101
1101000010000001111110010
1101101111111100000011110
1111011111011101001110011
1001010011101000101010001
1001011100001010100110011
1010000000000100100010111
0001110110110110100100100
0000011001101100110110011
1100000000101110011101100
0111111001111011011000111
0000011111011111000110111
1111000001110101111101000
1111000000101001000110111
0101101010010101010111111
1011101100101011011101110
1011100110111100000100100
0100111011100000000100101
0100111110100100011011011
0110011000000101000010011
0011100111010100001001010
1110101111100010001100011
0010110101010111100001010
0010111000101101110011100
1100110111010010100110010
0010011110111001101110000
1101001000001010011100110
1000001101010001100110101
0100011100111001100101010
1101001110111110101111001
0001111101001011110100000
0001000001101100100100110
0111011011000100111011111
1011111001010101011100111
0011100011111000001001000
0010101100110111101011010
0000100010001011111011010
1001111101110100010011010
0011011001101110110010111
0000010010001111000110101
0101011000011100100011110
1100010011010100110000100
0011000111101110110010100
1101011111100101100100000
0101011001000111011000101
1111011010010001100100101
1000100110000001010100100
1100110010010111110011100
0001100100100111000011100
0111000101101010011010111
1000000011101011110000110
0101110111111000101010100
1001101100101110111010001
1010010111001000100110010
1001011010010001100001110
0100011010000111100111111
0010011110100101001000101
1001001001010111000101011
0010000010101001110100100
1010001010110011011001001
1101010010111101110000100
0111110001001100010101000
1110001100000011001000010
0001101100011001000110110
0101111000001000001101010
0100001101000101010111101
1111110100011101101110110
0000000110011001000001001
1011101010011000011111101
0101110000100010010111010
1001101100110110111000111
0110000110110001111111010
1101111000010011110011101
0000101000000101000100111
0001001010000100111001011
1000001000100011110011000
1100001110111001111110110
1001011111111111000001111
1111011011001101100110110
0100011011001011110111011
0000001010001111011101010
0110110101111111010000010
0110011011101011111110001
1010111101011011101010011
1001111010110111110110000
0011010111110011101001110
0001011001010000111111111
1001101001000111010110000
0110010101011100101111100
0001110011101010111111101
1110101010011001101101010
1001100010001010111100001
0101010110010111010101111
1111000101011110100011011
1001001110010000110101001
0011111101110110001000011
1101000011011001111001100
1110010101100011110100001
1110010001100111110011111
0000001000100000010000110
0000110100010010110110100
0001111011100110111110001
0011111100001101001101101
1100111011001001011010111
0110000100110011011100011
0111110100101011000010100
0111100101101110001100011
1100010011101001001111011
0111001011000100101010011
1000101100100101011001001
1101000000011001100100101
1101000101001100110110000
1000001101100000000010110
0000001111111001011000100
0011011011111111000111110
1010011100000001111110011
0000010000101011000010110
1111010011010010100001110
0101100000101101000110001
0111010110001011011011101
1100110100100100000110011
1110101001000111101101001
0011010110010001010100111
1110100110101010000001011
0001100000001110011100001
0001010111100011111100010
0110111101001100010111001
0101001100000100001011001
0111000000111011101000111
1010000111101110100101100
1111010011001001110111001
1011111001011010110111001
0110001010011000101011001
1100100111101001100011000
1100111000001110001000010
0000000111001011101101101
0110111010111001101110101
1010010101110010110011111
1001000000001100100011000
0101000010111110110101000
0110000110101101100111000
0001101100001011010000100
0010110110001111011101001
1010111110000011100001001
0001011000011100100001010
1111010011110101010100011
1101000000000011010111111
1000111010111001110111010
1011100001110001010111110
1011110110100011111101110
1100100100000100100000010
1110100011001101111001110
0111100110101011010001001
1001111000111111100001111
0100101001111010011000000
1100111101011110100000011
1101010110010111001100011
1010011101001100111111100
0111010011111111100011101
0100010011011000000001001
1110011010101100101010011
0001110100111010101001010
0110001100110111010111000
0011101101110110101111000
0010101101001101001000110
1100110010110001100011010
1010000011010000011101000
0101111111001101000110000
0110010001101101110110001
1110010000110110111000100
1001110000011010111101010
1101101010001100111111011
0111010111010000111000001
1111101101110111010101000
0010101010001100011011001
0000011001000001101000001
1100100000110111100011000
0110001011010110001110011
1111111000010111100010010
1100010011100001110111001
1001101110110100110100000
1010100001111010111110010
0110000000101001110000010
0000010101001111000110110
0100110100100100001000111
0000000011011000010000111
0011010010101010100110010
1011110110010000011111101
1010100101010011010010000
0101011100101010100000000
1011001110101000111010110
0000000101010000011010110
0011100100110111111100111
1010001000101111001101001
0001010100011111010000010
1101011001011011100111111
0101100111101111111011111
1011000110000100011010111
1001000010010110101010001
0011001010111010011100010
1101000011110110001111000
1100110000001101000100111
1001110110110000010101100
1111101111100001001111110
1111001110011100110000011
1011101110011111110001000
0111011111110101000001001
0001000000110111011010111
1011010100101000101000111
0010111101000010111110000
1111101011110100000010000
1010010110010101101100000
1001001100001000101100111
0011101101010010110111100
1001011101110100001010100
0010011110011001010001100
1001110001100000101001110
0000001100001010111010011
1000101110001011110000000
1010011111100010001010001
1101100110000100100100010
0111101110100100111110111
1110000011010111111001110
0111000110111111101001111
0111001001010111110000010
1110111001100011011000100
0100101111110010110100110
0011000010100000001111100
0001011001000111001000101
0110100100000101000010011
1011110100000110110011111
1100010101011000011001111
0101010010000000000101110
0010101100110000000100000
0010100000110100001100101
0011001100111101011010101
0011100011101000111100111
0001000111011110011010011
0010011011000001110001100
1010111110011011100000011
1000010101101000101100000
1001000011111100000010101
0111010001010111001001001
1110000110101011001101110
0101010111010101111101111
0010110110001011111111110
1111000110101110111011101
0110111100001111011110000
1100001010100001110100100
1110011100101100110110001
0110010111001111001011111
0111010101000011011111011
1011100101001011001110110
0100011101011010010000101
0100011101011011110100000
1000111000001011001110011
0010010100111000110000000
0001111101001001011001011
0110000010100101001011011
0011001100110000000011110
0111011010111100010000011
1010101000010010011111100
1110001111111100101111100
0101111101111101110101110
1101011100110001100001001
1100001000001011110000110
0100101001111011010011110
1100111011011101010011000
1001101111101111100000111
1001111000001111110101011
0110111110100101001011100
1111100001001010110111001
1001011010100001001101111
1001111100110111111000001
0001100001001011011010111
0001001110101000011000001
0011010111111110010110000
0101010011001101100100010
1110000101010110011111000
0101101001110000010001001
1111001000101001101011010
0001101111110010010111011
1111010101011011000010110
0100111101100101011111011
1000010011101000000010011
0100111011001000100110111
1011111100011001010000111
1011111110000110111010011
0011110110100010010101110
1000001010110011110010001
0100111101100001010111101
0111101110000101001100000
0011011100101101001111110
0101011111011100101101100
1000101001010000011110101
0100011001111000001101101
1000110111111000001111010
0110001010010100101010100
1011111000101110101111011
1001011001101101011101111
0100111100111011001111011
1111100001011010000111111
1001100101000101101000100
1110111101000110111101011
1001010001011011110011111
1011110001101111101001000
0111100010110111001101100
1111001001010110010100101
1010001011011011001001011
0100101011011111111100101
1100000111111100011000100
1100011011010010000001011
0110011100111100110111110
0001011011000000101001000
0110110000110100011101100
1110100011000110101000111
1110000010010000100011110
1001001101101010111111000
1010000010110011000111101
0100001110011111111001100
1110000011110100010000100
0001100011010001010101000
0000101011101000111111011
1101101000011001100101101
0110000100100111100111010
0100001000101000101110111
0000101000001101110011010
1100000100001100100101001
1110010110101101100001011
1010000100000111011010111
0110101000110001011100100
0000110000100110001011111
0110101111011111110110110
0101100011100101010001001
0011111001010000101001011
0111010001101011001100001
0000000010011000100011010
1100101110101010010000110
1000010100101110111001001
1011001011000010001001110
1000011000101101110100010
0011001111001001001101001
0101011000001011000000110
1011001001000111101110001
1000110000110000101010100
0001000010011000000001100
0001100111100110001100011
1011101111101001011110011
1111110011001111010011110
0111010001001101000011110
1100010001001101111010010
1101011101100110111010111
0000100000110010101010100
0110111011101110101100000
0110101001100011110101101
0100110011011100100100001
1010111100000101100010100
1111000000101000110001010
0000111001100110000111111
1110010001010001110111110
0000010000001100010000001
0101110000000111001010000
1111111100100010101111101
0111000010001011001110100
0110000100010101101011001
1001110001011011001110001
0000101100001110110010010
1010111000111001110110111
0001010010101100110011110
1000111101111010011001100
1110010011010100000001001
0111101101000100111010011
0010001000100111101100010
0100000001100111111100011
1001111001010111110001010
1010001110011001110111011
0011101010001001001001000
0000101110100101011110000
1100010111101010011000010
1000110001001011010111001
0101001000110111001111101
1011011001010111110000010
1000100010111110101010110
1001000110111010100110001
1110000111110111111001000
1101001111111010100111011
0011100000011001110001111
0110010010001010000001011
1000111010011110101111100
1111111000110100111111111
1010001101110100110111100
0000011111001100011010010
0100010110001100001011001
0111100110100100010011010
1101011001100010011000101
0011110011010101100110001
1010100110010001010001111
1011000110101000100010001
1010110010001000000100011
0111011000001100011101111
0100110011111111001001101
1100110000011011111011010
0011001111001110100111100
0101001101110100000111111
1000000011001010111001001
0000111110010011010011101
0001000000101101011011101
1111111110101111000010001
0000000011111110000100110
1111111010110000111010000
0101001000000110101000011
0111110101000111011101110
1001101001000100101011011
1110011111110111001110001
1100100001101001110001001
0110001000101001101000011
1000010111111010011000111
1101011000111001011010100
1001000001011111110101101
1001111001000110010110001
1110010001011001010000101
1001100000101100101100110
0001101100111000100001100
1011000100100001000000011
1110100011010101010000010
1100011100110111100111011
1010000000111011011010101
1100101110111100010011011
0000101110100000001010111
0101111011010111110010100
0000101110010110110000001
0010101111100100001010000
1000000101011010110010111
1000001000001010100101110
1010000001101100111000011
1001110110000110000111011
1111011110101010111011011
1101101000101000010010001
0011110100010111111110111
1111101111111100101001110
0001100101000001011101011
0110001010111101100111001
0111101000110101000010011
1110101111001110110011011
1001110110100011000111001
1011011101101110011111110
0001000101111110010000010
1011000000110000100110010
0000011111101010000000011
0101010110011001100100100
1111101011101101011001010
0001100010110011110111111
0000101100010011010110011
1111100011011101111000110
1100111110011011111000111
1100110011111110110110001
0100010111100000111010001
1111101100100010011101010
0110101100100110100001010
0101010010010100001110100
0111000110101000000111111
0011010110000010011101101
1011011110001010011110010
1000111010111110001000011
1101000010001100001010001
0001101011111000000000111
0011010100011000010100001
1000001001110001010101101
0000010110011111100010111
0011111001111100100001110
0000000100101001111110100
1111000000001010010111101
0101011000100110010011100
1000001001111101000111000
1001000001011010011001111
1010101001100000111100101
0101001000010111110000110
1101001111011000101100100
0000111000011101100110110
0010110110010001010110000
1100101110110111001111010
1000100111001011111111010
1000011110001010010111101
1001100110010000111101101
1001111111001111111100111
0001100110110011011100101
0110000000101001110110100
0010001001111010111000001
0110010011100001110001000
0010110001110011001101101
1010011111101011100100000
0000000010100100001001000
0111101010100110101000001
0010110010100110001101001
0000001011000111001110111
0001100111010110000101110
1000100110110001100111100
1110001100011001000101110
0010100010000001101000111
1110000010100011001001111
1100000110111101100000001
0110001010001111010110111
0100000110110011000100111
0111000001011001000111000
1000110100011000101010001
1010110001111000011101101
0011110001011001100101000
1000001011100110100100111
1011111010110100101011011
1001000100010100000100010
1000010100011001001100101
1110000110110101111101000
1010000011101010011001010
0010001111001101001101100
0011001010001111001000111
0101010010011011111000010
1010010110000001011011111
1101101011100110100110010
0101100100100011011101000
0110101001110000000011110
1000001111011100011100100
0000100010001111000100011
1010100010010100001000100
0001010000101011010111001
0100000010100011100111000
0000100001100100111110101
1001000111000100111010011
1010111110010110100010010
1010101001001010110110111
0010111111100011110001100
0111001110100001110101001
0000110110011001100100010
1101011100000011001101011
1100010010010000110100010
1101100100011000101011101
0011110110101010011101111
1011110100111010010011110
1000001100000111100011110
0101101000101110001101011
1111100011101001010000010
1001100000000011011011100
0010100001000010101111101
1011001100001011001010001
1010111110010100010001111
1110010110101111110001101
1110010011110101100110010
1111010001011010001110010
1110101100011110100101001
0100001100111110011000100
0101001010100100111111010
1000101010111101010001010
0000101001101010010000110
1001011001110001110111000
0011111101100001010001001
1010101101001000101110110
0001100011101000100010010
0100100100000100011011011
0111011111011010100111110
1010000000101001100011110
0101101110000110101000100
1111101100111111011010101
1010000110000000000011001
1000110100010010100100010
1100111001000101101111111
1011010011011100001010110
0111000001011100110110001
1101101011100001100001111
1101001111001100110011110
0111011110111111010001101
0110101110001111011100010
1010001101110111001000100
0001000001100111011101000
0000111001100100000001010
0111111010111011111010001
0000100011001101101110110
0011111101000100001010000
1101100111101111111000011
1111011010001000011100111
1111101011001110000101100
1110010111100001010111000
0001011101011001001100111
1111110111100110000000010
1100010001100110000000110
1011010011110010100001010
0111011101010000111111011
0011010001110110001111101
1001010101110001100110100
1110110001001001101001100
0000000100011011110011100
0000010100000111000111100
0010111101100011011001101
1011101111000110110111010
0111110001001011011010110
0000011110001111101001100
0110111011001001110011010
1000100010000111110110110
1101110100111100111100000
0111110100011010010011010
1011110111011000001010101
0001111110000000101010001
1111111111010001011011001
1110001001010101110100001
0000001011100111010110100
1111110100111010001111100
1110001011011111101101110
1000100011100111010001101
0111010010111000011101001
0000000010010011011101101
0001010111010010011110111
0000000111101010011001011
0001000101111000100100000
0110101011101100100101010
0101011001111001000011101
0100111010001100110011011
1101001111011000110111101
1110011010111010100100001
0101010110100010101101111
1000000011011010000001100
0011100110111100110111101
1111001101001010101010110
1101000101011100100011101
1010101100001101110010100
1110100010101111001000001
0001010010001010010101100
1001100110111010110000000
1011001100010010101010011
1111101010001101001101010
1001001100010110101110010
1110101111000011111010111
1011100110010010011010111
0001110110001110011110110
1100010010000110111101101
0000011110011010100101101
1111011101100000111110100
1101100000010110000110111
0001011100001000001111110
1110001011101100011101011
0000000010010001111000010
0010111011100000000111100
1100011001100100011110000
1111101101100110110101110
0011001011010000011010100
1010001100100101101001111
1010011000000101011100101
1100000101011110010101111
0001010010010001110110110
1000000001110101100010010
0011110111000010101011001
0101111001101110111010110
1000111011110111110001010
0011010011100010101000111
0111110100100110011110011
1110100111001000101100010
0111011111111010101011101
0110011010100110011111111
0101101101000011111000100
1101111101000100000011111
0010001100000000001000010
0100111101110101011111100
0110011110001011001101100
0001000101010000001001101
0111101000100101111010110
0100011100000001100100111
1101000001111000100011010
1110110100011010110011100
0010111111100110101101110
0011010000111110000100010
0000000100011011010001100
1000000010111000101101110
1001001111110001110101001
1000111111010000111010100
0001011001110010111100111
1101000111100101111101111
1001100010011101100101000
1110101010011011000111001
1101101111000001100011111
0101001111110111100010100
1100000110000110010000101
0001011010100100000000000
0000011100110000000100000
0011000101111110100100111
1101100001101011000100010
0100110000111110010001111
0100101101011010010010010
0010111010111010001100111
1111111100111101001000110
0100100001101010010001010
0001011100011100101001010
1100000101000100001110110
1110111010011010011000010
0011010111111111011110110
1101101000001101101100010
0110011101101111010000011
1100111101100111111101001
1111011101000000010011101
1000111111001010001101101
1001101100010000000101101
1110000010000011000100010
1111101010101001000100001
1100011011111100101100010
0110101010001000011101110
1001000111110011110011110
0111110110010011110000111
0111101011101001111100001
0011110110111000010001101
0101000110101000101110110
1001110011111001010011101
1101100001000101101111001
1111010100000011101001110
0001100011110110111111110
1010001011001100101001100
0101010000101111010000011
0001010010011010001011001
1111100111111111101001100
0100111010110100000100100
1100101111010101101111110
0100000001111100111001011
1001010101110010010101001
1100011110011110100101010
0001000011101100011110110
0000111100000000101001111
0011001101001011010011100
0011001110111100001110110
1010001100011100111000111
1010111010111111100001000
1001010100010101000111100
0100000011001000000000011
0001001101000101000011000
0110010101011110110001101
0111111101100111111011011
1110001000101011100010111
1101010101110101101111000
1111111000101010011100001
0111010011011010101100010
0100100111100111001000111
1000111111111011011010111
0000000011101011010110011
0110011000010011010010000
1100011001010110010000000
1100000101001001100110101
1110110100110010011110011
1011001101010111101000100
0111000010111001010000111
1000010101101001111001001
1100110011111101100101011
1101001011000100000001101
0011111001010111101000001
1100001011101111000110010
0000001101101010101000100
0110101011111001100001101
0111101010111001000000110
0011001111000111001101011
1010100001101111111011000
1101110101110010001110011
0100110011110101110101110
1110110111100110101110000
0100000111110101100010010
0010111001100101100101100
1100111101111000010110010
1111001111001000100010000
1111110001100011001101011
1100000001111100001100011
0101011001110000111001111
1010111110001101000100011
0101000000101100101001000
0111100101011000000001110
0010000111111110110100111
0101000011001111010110011
1101011111111010011011010
0011101010111100001001001
0100101101001001001101100
1010011010100001000110000
0011111011111000001011101
0100000110001111010101111
0011100110001111011100000
1101101110100110101000100
1010101100100111011101000
1110001101000001000010001
1000010000000000110000111
1110111010101000100001100
1001011001010110101001111
0101011010101101000001001
1011100100010110011111101
1100010111000000001110010
0110101000000110000011000
0101011111000010111000111
0011111100001101100101001
0000001010110011111001110
1001100001111100010111011
1101010101011001111110100
0110111101000000101101010
1011110001011101101110011
0101100000110110010000001
1110101111000110010011001
0111011011111000100111100
0111101000010111001100000
0101110001101011111110001
0001000011110110000000100
1101001010000010110001101
0111001111011001110010110
1100000001100001010111111
0001111110011110000100010
1000001100000001110110110
0101011000110001111100010
0111011100110010101101001
1100010010111110100101011
1101110101001001010110001
1000000110101010000110010
0001101011000000000100011
0001100110010100000001010
1010000111111010011001010
0110001000100011101010000
1101101011010101001100001
1000101111100000100110101

Greedy Output:20
