15
100
100000101111111
011001110110001
001011100101111
101000101010001
101011010101010
100110110101100
011010010011111
001100010100111
111101011111010
011010111001100
101111001001101
010100001010100
010011111001100
010110001110011
101001111011000
011010000001010
100000101001010
111000011100111
010001100110010
110100011010001
011100111000111
011001100011010
000100010000110
100100100110111
001100100001110
101101000010010
001010011011111
011010111011101
101011100001010
101111101010010
011011110010101
111101100000000
010010110010011
001111101000100
110111101000100
011001010111000
001010101000100
011101101001000
101101000000010
010110101101111
101010100101110
010010100000000
101110001001011
000001011100000
101110011111001
011000101111101
000100010001101
000101101000001
010000101010101
011010110011111
101010010111000
100110001111010
101100011110100
001110000100101
110110010100101
100010100100100
101010101100101
010000010100111
100010001011011
001010000000101
111110000010010
101101111010001
011101011101001
111110101000100
010000011010110
101111011000000
100000001101011
101111101110001
100100100110010
001100000101010
101110001000111
101010100010011
101111000110101
110001101111011
110111111011011
111011010011011
100011011001100
000001101011001
001111110001110
101000001101001
011000011011000
100111110111000
110101001010010
111010010110110
001011111001110
011010000110010
001010010010111
010010001001001
101011001001011
001010111101100
100011111000000
001011101110001
010010000111000
011000010111110
110001100101010
001001101010101
100100011101111
011010100101001
101001001010110
000101000000000

Greedy Output:11
Exhaustive Output:10
