15
100
110111011110110
110110111011001
011010110010111
100010000010110
000010111000110
001010100100110
111100011010011
000110111100110
010000000000111
000010011111101
010011010111100
110001001000000
101000010100110
101100111100000
001110101000001
011111100101010
011000101111100
110001000101111
010000101101100
010111110010100
001100001110101
010010101101000
100000101010010
010010011101001
010100100000101
110101011111111
100010110110000
000101100000000
001110011100110
100010110111111
110010001101001
111000011000001
100100100000101
111101010111011
111110010000110
000010010101101
111110011101100
110101111100011
111001010110010
100111010010110
010100110101010
100010001110101
011001100001101
101011011001111
101100000000100
001111011110101
110010101100101
010111000100011
111101000110101
100011101110001
001001111111000
111000100111100
010110100011111
100000101000000
110100101010001
011011101010010
100100110010011
110011001000011
100000101110101
101111011010101
010001011010000
010110001010010
010000000111010
001010111101101
010010000010010
000100011001010
000000011111110
111011101110010
100011100111100
110000100111111
110010000010000
101010110111010
101100001001110
011000100100000
111011100100110
011101000110001
111110011011110
101011100011101
001111101110110
010000100110001
000010001111011
001111111000100
000111111011100
110010010110111
110011110011100
101011011000111
110100011100110
100010110111011
000111111111110
110001100000110
011011110101001
101010000110000
010000011110110
100010111010010
101111110010000
101011000010011
010011101000100
100110110010111
101010011001101
101001001110011

Greedy Output:11
Exhaustive Output:10