15
100
111010110100001
011111010111100
100011010000010
100110001001110
111100111010101
100100001100000
001101001000011
000010111101000
011010000011111
000001001110110
101101111100000
000111010010010
101110101011010
011000101010100
011001000010100
011100000100000
010110000110001
110110110101000
001001111000000
010011111000111
010011000000011
110100100111110
000001011011101
100001001011101
001011011001000
000110011101001
110001111001101
011111110110110
000000001010110
011100110110100
000001000001010
100110111011101
110100100010010
100111110111110
001111110000100
111011001001010
111010000111001
111000010111100
001000001011010
001001110110100
101010001101010
011001101111110
000111111110100
101011011000000
000011110101110
001110000101000
100011110100010
010010100101110
101101000111100
101110111010101
110010001100110
100011100111111
111111010111010
010100010011000
111001000010010
001101001101000
011000010001011
001010100010110
010111010100001
001000110011011
101010111001110
010101100001010
000001101110100
010110101111010
000011101010101
000000000100100
110111110011011
100011100001011
110100000001110
011101111101001
000110100000001
000111000100111
110000110000111
000101000101110
010010111111101
100110100111101
110111011111001
011011100001001
000101010101100
001011000001110
000111100010110
011001010100100
111000101100001
011000000111000
111100010010100
110001011111001
111101110100111
011111001011010
100001011100100
010111100010010
011111100011111
101011111100100
001001001110100
000110100100110
010101101010110
001000101010111
101001111101111
011100100010101
101111111101010
001101000111101

Greedy Output:11
Exhaustive Output:10