15
100
011101111001000
000100000101101
001011000011110
101100110000111
001111001111110
110000000000111
000110110100000
000110001011010
001100110001000
101001101111111
011111100101010
010100100111111
001100010101000
101101110001100
000111111001010
111011001001011
011000101111001
010000101111000
001000110111111
001011111101101
111011001011100
110001001110000
100010110100101
000011111111000
100101101001111
111110011010100
010011110111011
001110000101111
101100100010010
001101010101010
001001100000101
000011111111100
000011100100100
011010100001011
001100001100101
101010100001100
011011101100001
110011101011111
010111110100111
111111100101111
100111101110101
111000101100100
001100001100010
101010110001111
001010000000100
101000010011100
001011011111101
010110000111001
101011111110101
110011100011111
100011000000011
110110010110010
001101101001111
110111110001100
001001001000010
010111001010011
111100100011000
000110001001111
110100010111010
011010000100100
111011110101111
100100011001000
011000011011001
001011111100111
111011000001010
110111110111101
110101000011101
100000001111111
111000010100000
100010101101111
100100010011101
010110001010001
011011010111111
100001011001001
001010111110110
111000010011010
111010101111110
101110011000010
100100100110010
010000001000110
010001010001110
101111100110010
110110100011011
000100001001110
001101000001010
001110101001011
001001111110010
100100100110110
110100111011011
110011111000000
110000010100101
000001101100100
101001010001101
011101000100000
000101100001000
101010110110000
010111001101001
011100111110101
000111010011101
000101110111111

Greedy Output:12
Exhaustive Output:10