15
100
011100010010011
110101011100011
101001001010100
010100110100101
001010010001110
110011001111001
110110110011111
010000111101011
110011110010110
111010111001101
110110000100100
011000111101111
010100100010011
001101101001100
000101110011111
011110000110110
010011110010111
010010100010011
110100000111000
000011010000010
010001100100111
110101110100111
100100011110100
010010010010110
110010100010100
110111110110110
011111010001011
001101101011010
000001011100111
000000000011001
010010001110111
000110101000100
011111101100110
000010011011010
010000000110001
111101001101001
111011110100011
110001100001100
111001000100110
011111001100010
101110110010011
011110011000111
101100111010000
001010011001101
101000000010010
011111001000000
110111000011001
010000001001011
000111110010000
100001010001100
111110001010111
100010000011000
011010010111110
101011010011101
110101010100011
001001000001010
011110110111000
010001010111001
101011111000011
100001100101000
111001101100111
000000010010110
101101001111101
011011111111001
101011001000110
011000111110111
100110111000001
101001000101111
011011011010101
111001101101001
010000111111011
111111001000111
101010000000000
100000011100100
001001001001001
001010001111101
011110100101110
111110010001101
110000000110111
010011100010011
111110100001011
011001110111011
000000100011000
001000011100010
000000011001011
011100001000011
000111101010101
011101100110001
101110110011100
101001101110100
101111011011100
010111110010011
110110101110001
000100010011101
101110011111011
000011001111001
001111111010100
110111100010011
111111000011010
000111001010111

Greedy Output:11
Exhaustive Output:10
