15
100
010101111001000
010010101001101
111001001010010
010000010101101
000011111110000
111011110011111
010010010100111
100111000101011
000010000000101
000000100101100
111000101011110
010101100010000
010011011000011
100100011011100
110100111010111
010101111110100
100011010001000
110101000011001
000100100101111
010101011110111
000100010010101
011110111010111
100010111011011
111110101110001
101100110001000
110001001010000
001001110010110
110100001000000
111001111001001
100111011001001
010001100100001
110001111001101
011101011111101
111111100111100
110111110010001
001100011110010
110010000001101
010010010000001
100110100110001
110011001110001
100100011001111
101011000111111
011011000101110
010011101101110
100010101111010
100110111001010
001000011101111
111101100100110
001010000001111
000100100111110
010000001000100
010101111110111
000110101010111
111101100111010
110000100010110
100011110000100
111100000100111
000001100000011
010001000011001
110101111000100
100011000110100
010000110011001
010010001011100
001011001100001
001110110010111
011111110100100
000110000001110
010101011101011
100111011110010
001110100010000
111100100000011
001111100011100
101011000100111
001001100110110
011000001101011
000111110001100
011011111100000
010010101011011
100111011001100
001110111110000
010001001000000
011111011111000
110010111001000
011110111001100
110110110001110
000100100011011
000100111100111
001100111000000
101101101101001
001111010010111
001101000100100
010111010110111
001011101100001
111010111101100
100100011000000
110010100010010
101000001100101
001010100011000
111100001110010
010000111110011

Greedy Output:11
Exhaustive Output:10