15
100
011010000101101
111010100011001
100001000101001
101100010110100
110001001101101
101111100011010
001100110111111
100011010110000
101111011111001
110100101110111
111110001111111
101011001001000
110011111100100
000100001000010
000000110000010
001100101101100
110100010110100
011011011000100
111011001100100
000101000011110
011001001010001
000011000110110
100110000110011
011000100110001
010000100010110
011010011011010
001010001101001
001110001000100
111100100011001
101000001101110
010111111010101
111011110011101
010011100111100
000101110101001
001000101100010
001100100111011
111101001000000
110011001100111
001010010110000
110011011100001
111000011111000
010111000110110
111111100011011
010011111111010
011100011111000
000101000001000
010111000101011
001011100001100
101100111101101
111011010110000
101000101111000
100010011100001
110111101001100
000100101100101
110111000110010
101110111000101
110110011100100
001000011110000
101100011111101
110011010100111
101010100010100
011101000010111
001111100101011
001010110011001
111111101011001
010010111111110
100000001010111
110100011101110
000000100000110
010000100010100
110011010000110
111100000011011
100100101111111
100001010011010
100111111010010
010100111011001
100011010011100
110010011010110
110000011011101
101011001000101
110000000100100
011011011001110
101110011001000
010100110000110
000110001011011
111001010010110
001001001101111
001000111111001
101111100111000
101010000000101
111110100011110
100011011100001
000101101010111
010001100101010
000011010110101
111100100001100
011111101100101
100111110101010
011010110001011
100111111111110

Greedy Output:12
Exhaustive Output:10