15
100
101111101010101
010011110100111
101110111000111
110110110010011
000110000011010
011010000110001
011101001100101
100110111010010
110111100000000
111100001000101
100000011111000
011100000000011
010111100001010
111010010011100
110101111110110
001100000100010
011001100111011
001110111010111
101101110100001
111010110100011
011001111000100
001101110110111
000011001010001
000100000010110
001111010100111
101000110101110
000001000000111
110111110110110
101100000100101
100101011001111
111101000010010
100010101100000
100001111000111
101111010101010
111110100001101
010111000011001
001010100011111
100000111100101
011100010100001
010101100011000
100111011110001
111101001101110
101101001000100
110011001110101
101110011100101
000010101010000
111101001101000
101110100011111
011001000011010
010001101100000
011111010010000
111101111001010
111100110100100
001101111101100
010100001111101
001101011100000
010111000111011
111100011011010
000001010111000
110111111000101
111000110111110
000001010101100
011111010111000
111110111101011
001000101010100
101001111110111
001010111110000
111010011000111
001011001100110
100001010101010
011101111100000
110111100010010
110000010111110
100101111011001
110111010111011
010111010010101
101001000001111
101100011011010
000111000010001
111101000101111
010100011000001
011100000110110
111101111111100
110010001010100
000101111001101
100010010000010
000110011010000
011110111111110
011010100001010
110111001011010
100010011110011
000100001001010
000101000111101
110100000011111
111011110001000
111010011010011
111000000000101
111010001111111
011001001000110
111110101011010

Greedy Output:11
Exhaustive Output:10