15
100
011010100101000
101011101100110
001001111100100
110101011111101
000000100111011
110011000100011
100100101000100
001001101011100
001100101010010
010110110101010
100111101100011
001110011101111
110100011111110
110001010101100
011010111011000
001000011101010
100101110101101
010100101001110
010111010011110
111001000110000
001011000010110
010100111101010
011010001000101
111000010110000
100001100010010
110011010101001
101101110100011
000011011110010
110010011110110
111100011111101
000000110010000
100101010010110
000100000110011
010011011110011
101011001010000
000000011100110
100001001000111
110110100011100
000001011011000
111111101101000
011010111101010
001011110001100
001001111011001
011101001001100
101110010001000
101100000111101
000011000010101
100110000001100
111011011001000
101110101011011
100010011011001
010111110011000
111100011001100
010110011111000
010111010000011
100100100100010
010000110111001
101100111011111
001000011110111
010111100010101
010011000100100
001110111100111
111111101011111
100111001001011
011011111001100
111001110000001
110011100011110
000110100010110
001000111001011
010011110110000
011011010100110
101101111001101
000101110010000
001110011111000
111110110111011
100011100111110
110010011111101
111100111100001
011001010110111
100011100001110
000001111010011
110011111011111
001001110001010
111101010101100
000001110010000
110110100011110
100100001101111
111111111000111
101100111101011
000011010100110
111110110101111
010010111011010
111110001110101
000100111011100
001100101001011
000001110100000
110001101101011
111101111100101
111000100111001
011011011111110

Greedy Output:11
Exhaustive Output:10