15
100
011111000100010
010001010111100
000000001000100
001110001011110
101100011100000
110100110100011
010100110000000
100110111101110
010011110111100
100100110111100
011000000111111
011001011100011
110101100110010
101101100010110
000010111001111
001010100110010
000101110110100
000110001010010
011101000101110
001001011000011
110011000101101
100000101110100
111010110101100
111111111001100
100001101000111
001111110110101
110010001100101
010101010100111
100010011111100
111001010010100
100000010110011
000000110100111
100100111010001
100010101100001
100111101111100
111011000100101
010100001111001
111010001001110
111001101011011
010111000011010
100101000111010
100100111111011
110011000011011
110011000110111
101101001111100
010111100001110
100101100110100
111110001100000
011111100110100
000101101010010
111110111000001
100001001010111
000101111011000
000111111101010
010001111111111
110001010000101
011110010111101
110000110011010
010010111001001
011111111001011
001000100110011
011000101010010
001000101111111
010111010110101
111000100011000
110010110100110
100100001101110
001110111111001
011111010110000
011101111100101
000101111101100
111110100111101
011001110011010
101110011001000
101100111000001
010100000011000
000001101110011
011111010000110
011101010101111
110001101010000
000001010011110
000100111000110
011110001011010
110111011011110
010000100101010
100000101111101
111010111110000
110011000001110
110101100110100
011100101111000
011010100010111
010010111000010
010011001101100
000001101011111
000100010100001
010111010111011
001101001111110
111011001101000
101011110001111
011101100011011

Greedy Output:11
Exhaustive Output:10
